18.0002
-14.9993
-21.9998
-8.00005
15.0002
9.9998
-0.999998
-17.0002
23.9994
-4.00005
5.00004
13.0004
-16.9997
-2
2.00004
-6
3.99992
-20.9996
-36.9986
20.0006
-13.0004
6.99971
26.0005
10.0001
-20.9996
-16.9997
-21.0009
-1.99996
-9.99953
-0.999998
-21.9995
25.9993
-1.99999
-25.9997
-12.9998
-4.00006
-19.0001
12.9999
-7.99969
-19.0006
15.9995
-11.0002
-13.9994
-2.00006
11.0005
-9.99985
-35.9999
-11.9997
-23.9993
13.0001
-1.99994
-42.999
-33.9997
10.9998
1.00001
-27.9997
-13
34.9992
9.00043
9.00001
-11.0004
18.0001
-0.999967
6.0002
-15.0005
6.00021
-0.999984
-41.0012
-5.99985
5.99983
-8.99969
3.00005
10.0003
-31.9994
-5.99995
27.0002
-3.99984
-6.99995
-11.0003
-32.9999
-34.0008
-23.9995
-41.9996
-23.9996
13
-27.9996
7.00014
3.99993
8.99984
20.9996
-6.99981
-26.0002
-23.0002
2.99992
5.9996
-13
42.0006
10.9998
-17.9995
-24.9993
-12.0002
31.0002
-8.99976
1.99997
6.00003
12.9999
2.00003
-12.9999
-2.99997
-14
13.0001
-16.0003
-42.0009
11.0002
-8.99995
18.0003
14
25.9993
6.99992
22.0004
-31.0003
-0.999974
-5.00008
34.9988
13.0001
14.9998
-7.99972
19.9999
11.0003
-28.0009
-16.9998
3.00003
-18.0002
-20.9998
-15.0001
-31.0008
-1.84594e-06
4.00005
72.0002
-1.99997
5.99981
-35.9991
3.99998
2.00002
12
-22.9998
49.0002
37.0003
-1.00001
-5.00006
22.0008
2.00003
24.0004
23.9999
8.99949
-8.00005
16.9996
22.9999
28.9999
6.00008
43.9996
5.99998
-11.0001
19.0001
-3.99994
-18.9996
11.9997
9.00047
23
-29.9999
13
-4.33857e-06
12.0001
-23.9998
1.99997
-12.9998
-26.9996
-6.00013
0.999978
-25.0003
9.00005
-17.9993
4
13.9997
6.99969
-27.9996
24.9996
-6.9999
-1.99994
-16.9999
-10.0004
15.9996
-15.9998
-19
-6.00015
-14.9997
-1.99992
-15
34.9997
23.0002
2.99995
14.0003
-15
6.0001
17.0003
2.99998
-4.99983
-11.0003
6.00005
-36.9993
17.9995
6.99996
-6.99984
-5.99985
-13.9998
5.99989
26.0004
-16
36
-2.00007
9.00008
7.99976
-13.9996
-4.00002
-26.0003
-34.9999
-21.999
0.999975
10.0002
7.00015
-3.99996
-26.0001
6.00016
-17
11.0002
-20.9998
-9.99959
31.9995
-34.999
-22.0001
1.00003
-0.999999
-8.0001
-7.92655e-06
-32.001
5.00006
-15.9995
-13.9996
24.0005
-30.9991
-11.0004
-1.00005
-11.0003
0.999999
18.9996
-10.9999
-32.9995
11.9996
-15.0003
29.0008
-28.0003
4.00002
31.0009
3.00006
-3.99997
-18.9998
6.00003
-4.00001
10.9998
-1.00002
32.9993
-13.0004
-25.0004
-14.0002
10.9997
-19.0001
-15
-44.0009
-28.001
2.99988
-27
-32
-36.9991
26.9996
4.00003
40.001
24.9998
2.81213e-06
10.0003
-18
-9.99984
-15.9994
-14
-16.9997
-50.9999
12.9999
16.9998
7.99975
-6.99966
-12.9998
10.9996
20.0001
-2
-23.9998
3.00006
-7.99981
-11.9997
-6.99985
-20.0007
-20.0002
-35.0006
-4.99996
-3.00011
15.0001
8.9999
-1.93887e-06
-30.0005
-14.0004
-1.99996
-21.0005
20
8.99997
11.9998
23.0002
9.00007
1.00003
7.00034
-3
14
-39.0005
3.99999
-4.99989
-22.9999
-6.99965
9.99946
-5.99981
10.0001
21.0002
6.00017
-11.0001
5.00016
25.9996
-3.9999
16.9992
4
-17.9999
-6.9998
-30.0004
-34.9991
3.00006
18.9997
10.9999
34.9996
-1.00001
-3.99985
-16.0001
-12.9998
-18.0005
-11.0003
-8.99994
6.00013
-26.0004
-1.00006
17.9999
19.0002
-11.9999
31.0007
-17.0002
8.99989
-28.9991
8.99974
25.9992
2.00004
-4.00009
-4.99988
17.9999
1.00006
-9.99992
8
9
24.9997
-5.00005
-3.00007
-31.0006
19.9994
-15.0003
-27.0008
-6.00012
-15.9999
6.99986
-45.9994
7.99993
-16.9994
-10.9999
-6.00008
5.0001
-4.99997
44.0006
20.9998
-40.9997
-35.0009
-15.9998
-8.99978
-4.00003
14.0003
21.0002
-17.0002
-7.99977
27.0002
2.00003
-6.99985
-37.0014
-13.9996
-3.00007
21.0004
3.00007
15.9998
-6.00024
27.9992
-29.0006
-1
-11.9998
-6.00002
21.0001
10.0003
-23.9994
5.99979
26.9998
-2.00006
7.99997
20.9994
10.0004
2.99989
-1.00001
3.00006
-12.9996
-29.0005
30.0008
24.0005
16.0002
0.999989
-51
-18
2.91988e-06
36.9999
-24.0005
-24.9999
1.99997
32.9994
11.0004
21.0003
9.00014
-22.0003
19.0003
-21.999
-33.0002
-25.9995
-3.00009
-32.9995
15
-8.00017
5.99969
3.99992
3.99987
-0.99996
8.00024
6.99994
5.57583e-07
11
26.9998
-39.9985
-5.00004
-17.9992
-3.71098e-06
50.999
-18.9996
23.9995
11.9999
-24.0001
-11.9999
32.9999
14.0001
-5.0001
-8.99943
5.00009
6.99986
-10.0002
-14.0001
-7.00002
31.9991
3.00004
1
23.0006
-3.00004
-14.9996
15.9998
17.0005
4.99991
11.9998
5.99985
8.00011
-0.999993
-12.0002
-19.0008
13.0001
8.00033
-15.0001
-29.9998
46.9986
4.99991
8.00002
-3.00012
-10.0005
63.0013
-14
-12.0003
26.9995
2.00008
-2.99995
-11.0001
-8.00038
-34.0001
-11
1.00002
51.0012
-7.00008
17.0005
-9.99979
5.99991
-1.99999
6.99968
13.0001
-1.99995
-4.00003
-28.0002
5.00007
-23.0001
16.9999
15.0002
-17
-13.9999
-30.0004
3.00005
-35.0012
6.0001
-25.0008
-29.9997
10.9999
-25.0009
18.9992
35.9993
23.0005
-2.00001
50.0013
7.00013
24.0004
-21.0005
-16.9999
5.45672e-06
15.0006
-25.9994
32.0005
-5.99996
-18.0004
25.0004
-29.0011
-23.9997
-2.00003
13.9997
10.0001
11.0002
31.9999
11.0001
9.00006
8.49204e-07
-9.00003
-26.9997
-21.0005
2.99997
-15.0003
16.0001
-53.0001
-16.9997
9.00045
21.9992
-17.0003
4.99989
13
-28.0007
16.0006
29.0006
18
-32.0006
-31.9991
-36.0012
11.9999
40.9998
1.00003
-11.0002
24.0003
18.9996
-8.00046
-1.99994
-26.9998
-39.0003
-2.99999
34.0006
-11
-7.94436e-08
18
-30.9999
-15.0005
12.9995
29.9999
2.99993
13.9995
22.9996
4.99999
5.99982
6.00015
25.9997
-24.999
8.00016
-18.9997
25.0001
2.99997
-23.0002
15.0005
-0.99998
6.00014
4.00005
-2.00002
-1.99994
11.0002
-2
1.00002
-3.00011
-26.9992
-4.67259e-06
-14.9998
6.28514e-06
-16.0001
15.0003
-25.0003
31.0006
-2.99996
35.0007
4.00008
-11.0005
18.9994
-14.0005
38.0005
-4.99993
14.9998
-1.99995
9.00019
-19.9993
-7.99985
-4.0001
-14
-33.0007
7.9998
8.99997
12.0003
-9.00035
22.0006
-2.99999
-10
-10.9999
1.00001
-8.9999
-6.99979
-2
-21.9996
-35.9999
-22.0006
-3.99992
-23.9996
-3
-24.9996
-5.99995
-6.99971
33.0005
19.9995
4.99989
11.0001
-22.0003
14.0004
15.9998
-11.9999
-12.0003
1.99995
-30.9995
12.9997
2.00002
7.99999
-10.0001
15.0001
-45.001
5.00014
2.00004
-2.99999
13.0001
3.99992
33.9989
34.0003
18.9997
-15.9998
6.99957
-24.9996
-31.9989
-14.9999
3.99986
6.99984
-8.99957
-10.0001
-33.9994
-13.9995
-3.9999
-28.0008
-9.00017
18.0004
19.0005
-11
-13.9997
22.9999
7.94742e-06
6.99983
6.99954
6.00009
-13.0002
-15.0005
-6.99991
-31.9998
-25.0006
0.999989
-46.9996
-22.999
-6.00004
-3.99988
-15.9999
-12.9993
11.9996
-20.9994
21.0005
-19.9995
4.99985
-18.0001
-26.9992
-30.9996
-6.04642e-06
-9.99957
9.99937
-24
22.0003
-29.0001
-34.9998
-21.9992
20.0003
14.0003
-0.99999
-21.9999
-21.9999
-12
-11.9994
-42.9993
-1.00003
9.00044
-9.00032
-0.999994
-15
6.99996
-2.00005
-35.0002
25.0007
50
-30.0002
-11.9994
10.9997
4.00006
-12.9999
15
4.99999
-18.0005
-1.00001
-17.0003
32.001
9.99985
-16.0004
-7.88716e-06
-11.0001
-6.00011
31.0009
-7.99995
-26.9992
-31.9992
-6.00013
-28.0012
-44.0013
-5.00009
29
-51.999
25.9991
7.9995
-33.0007
10.9998
-18.0002
-21.9996
14
-0.999969
-17.0002
-12.9997
7.00027
9.99976
-10.9993
30.9995
5.9999
-12.0001
4.99987
7.99989
5.00012
-17
-7.99984
-2.99994
21.0001
-14.9996
-31.999
51.9984
-8.99991
-16
-22.0006
10
-30.0004
-3.99994
11.0004
-10.9999
-55.999
1.00005
-0.999987
6.99997
-7.99975
-16.9999
10.9995
3.99997
-17.9998
-12.9998
37.0014
6.00013
10.0001
-7.99977
-6.00002
-20.9993
-11.0003
-11.0004
6.00013
22.0009
21.0004
1.99999
-31.9999
21
-43.0013
27.0007
35.9991
30
6.00011
-24.0002
-3.00005
14.9996
-32.9991
43.0005
-1.99999
3.99991
-20.9996
2.99994
4.00009
-33.9997
36.9998
20.9994
-21
18
2.99993
-6.99981
17.0002
6.99993
-4.99985
8
5.99992
36.9994
-21.9999
41.0006
-23.0002
-23.9995
-3.99996
-17.0005
-23.9999
8.00026
7.99958
6.00003
2.00004
4.99986
-28.0001
20.0002
-41.0009
12.9995
-5.00004
31.9993
14.9999
-17.0003
-6.00001
-10
-5.00005
-22.0004
17.9999
-31.9999
1.00002
-10
-10.9998
9.99991
14.0002
18.9996
1
-3.99996
8.00005
-2.9999
-19.9999
15
-42.0009
37.9997
-27.0005
-21.9997
9.00026
-1.00002
9.99975
36.0005
-7.00007
35
21.9996
16.0004
31.9991
-32.0002
-13
34.0005
-3.00007
6.00007
-1.00002
-21.0002
2.00005
-14.0002
25.0004
35.0005
-0.999952
6.99999
14.0004
-15.9996
-27.9994
-24.9991
-31.0002
5.00001
10.0001
-18.0004
-18.0003
19.9999
-34.0008
16.9999
16
25
-11.9999
-21.0004
-5.00001
16.9997
30.0006
-20.0001
-12.9999
20.9995
-14.9998
6.00006
-1.99995
-16.9997
20.0001
3.00002
-6.00002
-14.9995
18.0001
-22.9996
0.999985
-10.0004
4.00909e-06
-3.99992
-4.00009
-18.0007
39.0003
55.9995
24.0001
15.9996
8.99999
-6.99998
10.0004
13.9998
23.9994
-6.00012
3.00003
8.99986
8.99949
-12.9998
3.99988
-4.00001
-12.9999
-66.996
8.99951
-11
-1.99994
2.00003
22.0007
-4.99986
34.9995
15.9997
17.0002
44.0004
2.99992
3.00007
28.9994
1.99997
4.00004
15.0003
-5.00005
17.9993
-1.00001
-1.00002
18.0004
7.00009
34.9998
4.99997
4.00005
-36.9989
-15.9996
2.99997
-13.9997
23.0009
14.0002
-12.9998
2.00003
5.00015
-7.99981
-12.9999
3.00003
-20.0005
-7.99989
-15.0008
6.99987
-38.0008
4.00002
-0.999989
-38.0009
-24
-15.9999
-10.0001
-34.9998
-3.77698e-06
-20
-4.99997
10.0003
9.99965
4.00006
27.9999
-28.0006
-13.0002
25.0003
19.0008
7.00002
9.00026
50.0013
19.9999
22.0004
24.9998
-25.0006
4.99997
25.0001
23.0001
-33.9999
-6.99956
5.00002
11.9999
23.9995
-12.0005
4.00002
27
-16.9992
-0.99998
-1
-10.9999
18.9998
8.00017
3.99998
1.00002
-15.0003
7.00019
66.0002
-19.0002
-13.9999
-24.0002
-12.9999
-15.0003
16.0001
18.9999
-5.99978
7.99954
18.9998
-9
-24.0008
0.999999
-18.0001
12.0002
-12
3.00005
-21
-7.99988
23.9999
5.99985
33
29.0009
-18.9994
-14.0003
14.0004
6.00023
-4.99988
-30.0004
29.0005
11.9997
4.00011
3.99999
-13
-1.99997
-26.9992
-34.9994
-49.9991
12.9999
6.00008
-32.0004
-6.99966
21.9998
5.99983
-29.9995
-41.9991
-31.9999
-14.0001
5.99987
14
2.00004
-5.00006
11.0005
-17.9998
-6.99968
10
-9.00015
8.0001
-13.9999
-53.0009
7.99979
-3.99985
12.0004
5.00012
-22.0007
1.00005
-1.99998
10.9997
28.0003
-8.00013
1.99995
16.0005
20
6.99986
-17.9996
23.9996
18.0001
-31.9993
2.00005
-17.0004
-20.0005
-42.0004
-6.9999
9.99979
30
-30.0002
5
-7.99994
18.0003
-23.0004
26.9992
21.9997
35.0009
35.0002
-17.9999
-31.9997
11.0002
-9.99996
2
-38.9993
-23.9999
-41.0007
-2.00001
-44.001
19.0004
11
9.99945
54.0001
12.9999
-3.00001
-30.0004
56.9986
-29.9997
-10.0003
8.9995
-47.001
15.9999
-4.99985
37.999
-7.00006
-26.0003
-23.9995
40.9992
17.0003
1.58211e-06
-11.9995
15.9998
5.00015
-12.9997
7.44417e-06
-52.9991
-22.9998
-13
31.0008
13.9999
-21.0003
22.0006
25.0004
-0.999999
-16.9997
-16.0001
-22.9999
-15
3
11.0005
17.0001
-25.0001
41.9999
4.99994
-10.0003
-16.9997
4.18971e-07
33.0001
-12.0002
-5.0001
14.0005
6.99968
14
-11
-10.0004
8.00022
8.99987
-8.28654e-06
10.0002
-17.9991
-5.00009
-24.0002
-5.00001
-35.9996
-12.9999
-16.9997
16.0001
10.9999
9.99969
9
-9.00017
-5.99991
12.0002
-4.99989
2.99991
17.9994
-25.9994
-36.9988
-1.99996
-37.9988
-9.00057
-19
6.99972
3.00003
11.0003
-15.9997
-9.00011
-39.9995
16.0002
-1.99997
-10.0004
-29.9995
1.00003
-5.00011
-17.9998
-18.0005
-11.0001
-19.9996
-6.00008
-32.9995
-1.99999
-8.99962
-20.0001
35.0002
-7.99983
18.9993
-20.0007
-26.0003
4.00001
12.0002
-35.9994
14.0003
-28.9992
-18.0005
30.9999
-3.9999
-43.0014
13.9998
-1.00004
29.0001
-29.9998
-0.999968
-3.00006
-8.99956
24.0002
45.999
16.9996
0.999995
-4.00004
-31.0006
-11.9999
32.9997
21.9997
15.9996
18.9998
27.9994
2.00005
24.0008
-35.0002
-5.00012
-11.9993
17.9996
1.76651e-07
-24.0006
14.9995
1.00001
9.99974
36.9997
-1.00001
-20.0001
0.999999
3.00009
6.99985
-7.00048
6.99984
1
38.0004
-4.00008
-59.9983
11.9998
-28.0001
7.99983
29.0008
9.99992
-9.00007
-4.99985
-14
25.9993
11
-7.00016
-21.9996
20.9999
1
0.999944
-12.9995
26.0009
-9.0004
-43
-2.99998
-8.00003
-21.9999
21.0005
8.99977
2.99999
6.00017
-21.0003
3.99993
-2.00002
-3.00006
29.0003
-13.9996
-14.9998
23.9999
24.0007
3.00008
-6.00019
34
-15.0003
28.0004
36.0003
28.9988
10.9998
-8.00002
34.0003
-35.0009
-5.00011
2.99996
-10.0001
13.9999
-22.0007
14
9.00019
-24.0003
-17.0001
52.0017
3.00005
-10.0003
-18.9993
-21.9995
2.00003
-32.001
3.00012
32.0008
17.0004
6.00015
18.9996
7.00042
-11.9996
6.99967
19.9998
-16
-18.0001
-17.9999
-14.0004
-6.99998
1.99996
-34.001
1.00004
-6.00023
12.0004
27.0009
-9.00002
-13.9999
39.9991
13.0003
-9.99992
-24.0006
9.99998
-15.9999
30.0005
-12.0001
-3.00007
1.00004
-30.9996
1.99993
-6.99989
-8
-3.99993
34.0007
10.9999
-34.0003
-30.0002
4.00009
20.0004
-3.99995
23.0008
-6.99987
18.0005
35.0013
-10.9999
9.00024
-9.99993
11.9996
13
11.0001
-36.0001
-3.00013
-8.00015
6.00013
4.99987
-43.0006
22.9997
-18.0004
-2.00001
14.9997
-12.9998
-1.00001
23.999
-25.9998
17.9999
-10.9996
3.00002
-8.99959
10.9998
-8.99974
6.00014
-14.9999
5.99984
5.00009
5.7757e-06
20.9993
-12.0002
-10.9997
0.999987
-12
-47.0007
-5.00008
2.00003
38.001
12.0001
31.9997
-5.00001
11.0001
-5.00007
-1.00001
-19.0003
-9.99993
4.00015
-6.00006
30.0002
32
6.0001
2.00001
-33.0001
-57.0007
12.0002
-22.9996
5.99983
31.0011
-1.00002
-7.99992
1.99993
46.0009
-2.00004
5.99989
-6.0002
-5.99995
48.001
17.9997
-0.999971
-10.9997
-18
1.00002
32.0008
-15.0001
46.9995
17.0001
3.99997
32.0001
-2.69686e-06
-26.0004
11.9993
6.99995
6.00016
30.9996
4.99995
-33.9996
-14
-8.99997
16
1.99997
-8.99955
13.9995
34.0011
-20.0008
-25.0005
-2.00004
39.0002
16.0007
4.97814e-07
-36
16.0004
-5.99986
-9.00006
-44.0013
-6.99985
16.0002
-11.9997
16
10.0005
7.00018
2.00002
-7.99984
42.0012
23.0004
4.99992
-23.0001
15.0004
23.9996
6.00031
48.9989
30.9997
27.0007
-34.9988
-4.99996
-8.99977
-13.0007
-18.0004
-5.00005
-20.9997
-6.99997
12.9999
-8.99996
26
34.999
-28.9999
20.0004
16.9998
-2.82734e-07
23.9998
9.0001
-0.99998
23.9995
-9.99967
-28.0002
4.99997
36.0007
12.9997
-6.0001
10.9999
-7.99965
-3.99997
38.0002
-46.0008
5.14495e-06
27.9993
-18.9993
4.00007
-1.00003
-10.9998
-12.0003
19.0001
-34.9999
8.00025
7.99987
9.00039
-14.0003
45.0017
-30.9999
-11.0002
14.9995
-3.99994
17.0005
-38.999
19.0001
-3.25854e-06
-33.0008
-10.9996
-33.0009
59
-3.99999
-7
3.0001
13.9996
-30.0004
20.9994
-11
-0.999964
24.9995
8.00046
36.9997
11.9998
-5.99987
16.9992
-35.0003
-2.00003
-49.0015
-18.9997
-2.99996
-17
6.99965
-6.00019
-33.0004
20.0002
-0.999989
-4.9999
-11.9997
25.9996
13.9998
-6.99978
-10.0003
-4.00004
25.9993
0.999992
41.9997
20.9995
24.0005
-3.99999
14.9992
-14.0003
21
-7.00021
10.0003
-14.0002
-22.9993
-27.0005
2.00004
-5.00003
-3.00004
13.0001
2.99994
15.0002
7.99984
3.99992
-2.00003
-20.9998
11.9997
18.0001
-3.00003
9.00009
-21
30.9998
18.0003
-8.99978
1.00004
-0.999994
35.0001
-9.99952
17.9998
10.9999
-42.9991
-9.99993
5.41202e-06
-17.0004
10.9997
-40.9997
34.0008
-18.9992
9.00008
-25.9993
22.0009
-19.9999
6.00015
13.9995
-5.00006
-40.0006
11.9999
45.0014
-42.0003
11.0001
26.9996
-19.9994
0.999977
-4.99999
-26.9996
10.9997
-31
-41.0009
-7.99983
8.99996
3.00012
-14.9997
-3.00001
-35.9992
-21.0002
26
-5.9999
-12
6.00014
13.9995
30.0006
-8.00009
18.0004
17.0002
44.0007
2
-7.00005
-17.9997
-5.9999
-14.9994
-17.0001
-44.9998
-18
-46.0001
-26.9998
5.00003
-21.9992
-10.9997
-22
15
6.08045e-06
-42.9986
-14.9995
24.0006
5.00003
3.00007
8.99957
12.9994
-23.0005
-18.9997
1.99996
28.9999
33.9995
-22.9994
5.45426e-06
27
9.00012
12.0001
27.9996
-13.9997
2.99999
4.00004
-1.99998
10.0002
-11.9999
8.99986
-3.99994
-10.0002
13.0004
25.9992
-21.0001
14.0005
6.00014
33
-14.9999
-40.9993
41.999
30.9998
49.0007
3.00007
33.0009
32.9995
-12.9998
25.0002
25.9996
-4.00004
-3.99994
3.99989
-4.99983
-23.0004
-20.0002
-1.99995
-13
-17.0002
-5.99985
-1.99996
2.00004
25.0004
4.99992
-24.0001
-26.9999
5.00014
-8.99969
7.00044
-15.9993
15.9999
-7.99992
-15.9995
46.0006
-39
-3.00004
-7.00047
-14.0003
5.00011
18.0008
25.9993
-1.00001
2.99995
-9.99997
28.9989
20.0001
-6.99979
2.00004
10.0003
4.00002
19.0002
-20.0007
-19.9998
-3.23222e-06
-27.9994
3.0001
15.9995
25.0005
-4.00009
-8.99946
28.9994
-21.9995
-2.99991
-19.9997
-16.0003
-8.99991
-1.99999
-23.0005
3.00006
5.00002
29.9999
-51.9993
-16.9999
-5.00011
11.9997
-13.0001
-10.0002
11.0001
-20.0002
-4.99985
-12.9998
-10.9999
-23.9991
24.0003
15
-4.03247e-06
-33.0003
-1
13.9998
-6.00006
38.0001
-32.9991
-6.99975
-31.0009
17.9993
-1.00003
-12.0002
-22.0001
2.99995
-22.9999
7.9998
21.9997
45.0002
7.00017
3.00003
-14.9999
-33.0001
6.99975
51.0011
20.0008
-8.00017
16
-3.99998
-16
6.00004
-1.99996
-14.9996
6.00011
12.9999
3.0001
-32.9994
-2.00006
-8.00005
16.9995
-33.0001
-29.9994
-15.9998
26.0003
13.0005
-38.9997
-31.0003
21.0002
-27.0006
-8.00033
8.99992
17.0006
-30.0002
-11.0003
2.99994
-18.0004
2.99995
-3.99989
3.99999
-2.99995
-12
-9.00018
19.9997
13.9997
4.00006
19.9998
-4.00009
34.0008
-40.0009
-1.99996
6.99958
2.00005
20.0002
-16
12.9995
1.99992
-11.0002
10.0004
-15.9996
11.0001
1.99997
16.9997
-15.0001
-4.66412e-06
19.0002
14.0003
8.99996
1.00001
-4.99989
-20.0004
9.00046
-19.9998
-10.9998
-42.0006
-6.99969
-17.0003
-44.0002
-27.0003
-20.0002
21.9999
-33.9999
20.9998
7.99965
13.9999
-52.9989
-12.0003
17.9995
7.99999
-3.99988
4.99984
-33.0002
30.9997
-14.9998
-36.9996
-11.9999
-17.9999
-40.0005
-15.9999
8.99989
8.00015
0.999961
9.00016
29.0001
-50.9996
28.0004
-9.99999
3.99994
22.9996
-20.0004
-39.999
8.99983
35.9993
-48.0012
2.00004
23.0005
40.001
-12.0002
32.9994
-8.99989
-14
-14.0002
29.0005
-17.0004
1.99998
-26.9994
-30.0001
28.0006
-2.00001
38.9998
18.0004
3.00004
-0.99998
11
-5.00012
22.0004
-30.9989
-40.0012
-23.0002
3.00002
27.0003
5.99992
13.9998
-7.99972
20.0004
-25.0002
43.0006
-13.9996
-11.9998
-8.00003
-32.9992
-18.9994
10.0003
-7.9998
29.9994
1.99999
-30.9992
30.0004
-18.9998
-4.00014
14.9999
3.00001
26.9998
-15.0002
2.99992
20.0001
-3.99994
12.9999
-56.0011
3.00007
-2.00007
18.9997
24.9993
-26.9995
2.00002
-12.0002
30.9997
-44.9992
-14.0004
-3.99995
31.9994
23.9996
-5.00005
13.9998
-11.9995
9.99989
-16.9998
-18.9995
-4.99986
-25.0006
2.00009
-4.00008
50.9994
-1
-13.9997
9.00051
-8.99977
-16.0001
18.9996
-2.99998
35.0001
10.9999
-39.9992
44.9987
-4.14211e-07
-36.9995
-20.9997
-1.00005
-19.9996
16.0007
-17.0003
-2.00007
-15.9992
-9.99994
-12
28.0003
4.99996
1.00005
12.9997
-7.99987
-17.9996
23.9995
-18.0006
-45.9991
-17
-18.9999
-21.0001
15.9997
5.99985
9.00048
-31.0002
-7.99983
2.99996
17.9998
5.99993
21.0002
39.9992
-14.9996
19.9999
-28.0001
32.0003
-21.0007
-29.9999
5.00003
-2.00004
-3.00003
-3.99992
41.9999
-20.0001
-17.9996
7.00033
-28.0003
-3.00009
-9.99993
7.99976
-19.0004
21.9998
11.9995
-9.99996
-9.00034
-19.9998
5.00018
-0.999997
-50.9992
-24.0004
6.00004
-20.9997
6.99986
-22.0003
-2.99997
-5.99999
15.9998
5.00016
-7.00023
21.0003
-22.9999
-10.0001
-19.9997
2.99994
9.00004
8.99961
-22.9996
37.9993
-5.99999
7.00015
17.9999
-5.00006
-2.04937e-06
36.9994
2.00002
3.00001
-30.9998
19.9998
-10.9997
26.9996
-18.9995
26.9998
35.0005
27.9999
6.99967
35.9996
-41.9995
23.9999
7.00023
-9.99962
45
-7.00024
-17.0004
-23.0002
15.0001
-2.99999
16.9997
-3.9999
4
9.00052
49.9998
-12.9998
-1.99999
22
7.99997
9.9999
-5.0001
-20.9996
-15
-8.99995
-2.99998
-9.00002
11.9999
6.10694e-07
15.9997
17.9998
18.0001
-1.99997
-1.99992
-31.0007
20.0007
-1.99998
-38
-9.99997
-34.0003
-15.9998
6.00026
37.9995
10.9998
-52.9984
-21.0003
-9.99965
26.9992
12
-6.00014
-46.0003
-2
-13.9996
-10.0001
-4.00001
11.0006
-21.9999
-4.00006
19.9996
-2.00004
1.13478e-05
-22.0008
-4.00001
17.0006
17.9998
38.0002
6.99983
-19.9998
-11
-53.9982
-20.9997
48.0017
68.9985
18
-7.99977
-16.9996
-22.9999
37.0005
7.00011
10.9995
27.9997
-15.0003
9.9999
34.9992
-2.00005
22
4.00002
2.98296e-06
11
-17.0006
-33.0008
32.0006
29.0008
-42.0004
-26.0002
1.99997
15.0003
-3.9999
4.99989
12.0003
-32.0007
1.00001
-3.99997
9.99991
-20.0003
1.99995
-19.0003
-25.9995
-25.9995
7
10.0002
-27.9992
31.0013
22.9998
-34.9997
31.0005
-6.00014
-29.0003
11.9997
7.00053
18.9996
18.0005
-3.99998
-4.00003
-5.99988
2.00002
27.9994
24
12
-49.9995
-7.99986
22.9999
45.0002
-3.00009
-5
-4.99991
11.0002
-7.00023
33.9992
-8.99973
29.0002
-5.00016
6.0002
3.19776e-06
2.00005
1.00002
-4.99987
22.9995
-32.9998
-8.99994
-7.00006
6.99965
1
11.0003
-27
-38.0003
-10.9995
-14.0004
-12.0001
-6.00019
-3.9999
-15.9993
12.9997
22.9997
16.0003
39.0004
27.0008
20.9997
7.00001
66.0024
-5.9997
14
-19.0005
23.0004
4.00004
-3.99998
-32.999
6.00008
-8.00036
4.00003
7.99979
-11.0003
-13.0002
-25.0001
3.00009
40.999
-3
23
-31.9992
-7.99989
14.9999
6.00031
-1.99995
7.00027
-8.99977
-22.9997
7.00022
-5.00003
-29.9996
-35.0004
18.0005
-6.00007
-57.0015
-40.0012
-18.0001
26.9994
-0.999985
-1.00001
-4.99987
23.9999
-19.9999
18.0001
-23.0008
36.0002
22.0006
29.0005
-7.00008
-12.0004
-8.00008
9.99999
10
-30.0005
-28.0007
-1.89761e-06
-38.9996
7.99964
4.99999
22.9994
-5.00008
1.99998
32.0003
-22.9995
-10.0005
4.0001
-6.99992
-21.9997
-40.9999
4.0001
-10.0003
-6.99983
30.0001
-25.0001
-7.99998
-20.9995
-34.0007
-2.99998
-4.68464e-06
-52.0001
17.0002
-33.0006
-26.0002
11
-44
-1.99993
-17.0003
-7.99986
-31.9992
28.0004
-28.9992
-2
2.00002
8.0003
18.9997
9.00009
-7.99984
-14.9999
31.9994
-16.0006
4.00006
0.999973
-4.00011
-5.00003
-4.0001
29.0008
-16.0001
33.0003
1.00004
-28.0005
-42.9997
-26.9989
-50
-1.00004
15.9997
1.00001
11
18.0006
-10.0001
-4.00008
-11.0002
-0.999993
-1.00001
7.99973
-2.00004
14.0003
14.9996
-27.0006
-10.9995
-11
3.99992
-26.999
31.001
-4
-0.999994
-21.999
-39.9993
9.00024
-14.9999
9.00024
27.9996
1.00002
-18.0005
-37.9991
-29.0001
-38.0001
7.99976
4.06102e-06
-13.9996
21.9998
-24
-32.9996
12.0001
20.9996
-24.9997
40.999
-1.99996
14.0004
-8.00003
-23.0001
0.99995
21.0002
-32.0007
11.0002
14.0004
31.9994
12.9998
6.00014
-0.999962
16.9999
37.0002
-8.9998
-8.00017
-4.99994
-47.0006
-37.9998
-5.9999
2.99993
59.9988
12
42.0007
-1.00003
39.0002
-27.0005
15.0004
24.0007
10.0002
16.0005
27.9999
-42.0002
23.0004
7.99955
4.99996
-7.99988
36.0005
-19.0005
-29
28.9995
3.00009
-3.99998
6.00009
-10.0001
5.00014
20.9995
7.00042
-5.99989
7.00023
-21.0009
16.9996
37.0013
5.7065e-06
-26.0008
-9.00015
-28.0006
19.0005
6.00008
-22.9993
-31.001
-20.0002
27.9997
14.9996
4.00008
-3.99992
-14.9997
49.0005
-3.99996
31.0009
9.99956
2.99991
-8.00045
-46.9998
-25.9999
0.999965
-6.00017
1.99998
32.9991
31.9996
-32.9997
-44.0009
-42.0003
48
20.9998
-32.0011
-30.0001
1.43758e-06
37.0002
27.9994
2.00001
5.00001
-2.99995
15.0001
0.999957
37.9987
-11.9998
-16
-16.9996
-19.0001
32
13.9997
10.9998
24.9993
8.99972
39
-15.9999
-11.0005
31.0005
26.0002
20.9997
-20.0005
-20.0006
-38.0004
-24.0004
25.0005
-31.0003
-17.9995
9.0004
16.9998
51.0009
-8.00011
-7.00008
28.0005
4.00008
-3.00002
3.99999
-5.00011
0.999969
-5.99993
24.0001
-24.0009
-30.9998
-6.00024
14
16.0002
26.9991
-22.0008
20
-12.9995
6.99997
-14.9996
-25.0005
-3.00013
-7.00014
32.9992
25.0007
-8.99981
-5.99996
25.9991
17.9999
-1.99999
3.00007
-1.00003
-16
-14.0003
-0.999976
-43.9997
-19.9999
-10.9999
12.9998
-34.001
5.00009
26.0006
-31.9992
-6.00017
-7.00034
-19.0004
49.999
-0.99996
-7.00011
7.0001
20.0006
20.9993
-19.9998
-13.9997
13.9996
-8.99947
-18.9997
22.0002
-12
-36.0005
-0.999973
-6.99986
29.001
-1.99996
13.0002
-19.0005
-8.00001
8.00043
6.99976
-18.0002
12.0001
19.0003
-5.9998
9.00005
-21.0004
0.999986
40
-21.9997
9.00054
-11.9999
-11.9997
-11.0002
-1.00004
-8.99997
12.0001
-25.0005
22.9995
-31.001
5.00009
2.00004
29
-1.00005
-21
28.9995
-27.0004
-7.00008
5.00005
5.99993
-6.99981
-25.0005
-7.00011
17.0005
-1.99996
16.0002
-11.0001
4.00008
-4.99986
66.0003
-5.00014
-5.99992
10.9997
-26.0004
19.9995
22.0005
2.00002
22.9999
-19.9997
17.9998
25.9992
-2.99989
17.9993
-11.9996
-27.9998
-15.9999
-17.9994
-3.00006
-2.99997
18.0007
-20.9996
12.0001
12.0001
8.00001
-4.00005
-49.9998
-9.00034
-33.9994
4.99992
7.99992
-9.00048
-3.99994
7.99976
-9.99996
6.00017
-21.9994
33.0011
7.99964
2.00002
3.00007
7.00048
22.0007
-9.00049
4.00002
5.00009
11.9998
-3.72502e-06
12.0002
1.99998
23.0006
-16.9998
5.9999
24.9995
28.0003
-33.0003
9.00033
14.0002
-10.0001
-16.0002
40.0008
-13.0002
-3.9999
-32.0006
42.0004
17.9993
-19.9997
10.0001
2.9999
0.999966
28.0005
40.9994
12
-7.00034
-11.9996
60.0009
14
5.00013
-40.0005
-7.99964
4
2.99997
9.00027
-3.9999
19.0006
5.99979
-4.99985
16.0002
21.0007
32.0009
-34.9989
-10.0004
27.0008
-8.00017
20
-11.0002
31.0008
-25.9997
-7.00013
17.9997
-14.0003
7.00008
-16.0003
-1.99994
10.0002
-5.99998
-33.9992
44.0012
-17.0004
22.0003
-5.30817e-06
10.0002
4.00003
-5.99986
23.9998
-8.00034
37
11.9997
10.9998
14.9993
-4.00001
-21.0004
-19.9995
4.99996
-33
2
8.99985
-10.9998
33.0007
-19.0006
-11.0002
-27.0003
19.0005
-4.00001
5.00005
-9.00034
15.0006
-22.0005
28.0004
10.0003
-9.99999
-10.0001
4.00005
-5.99997
17.0001
21.9994
10.9996
-23.9995
11.0001
6.00015
-2
9.00031
-22.9999
-20.9993
9.00013
-20.9995
19.0006
-21.0004
-2.99993
-30.9999
13.0004
-1.00001
-47.999
2.99991
23.001
28.9996
35.9999
-2.99999
-18.9998
-18.0007
-1.99992
-27.9999
27.0007
-12.0003
3.9999
5
19.0007
7.00023
11.9996
9.00014
9.00018
3.99999
35.0002
-15.9994
20.9998
2.00004
22.9997
0.99999
-8.00042
37.0003
15.9997
4.99991
3.00006
-14
3.00008
4.99991
13.9999
22.0002
-45.9999
12.0005
21.0003
-31.9995
-0.999976
-25.0004
5.00006
-15.0005
-3.99998
3.00005
9.99982
-12
22.9996
-55.0013
-5.99999
-1.99999
-6.99988
18.0003
3.00002
4.99997
-12.9997
2.99999
-15.0001
7.99977
-3.00006
-20.9992
18.0001
-7.00004
-6.00021
-28.0004
-8.99967
20.9999
-7.00009
-1.99997
-16.9999
16.9998
11
20.9996
-2.00006
23.0006
-23.0005
0.999982
23.9999
-36.9995
0.999966
12
-5.00011
24
8.99977
2.00003
8.00009
20.0003
-17.0002
0.999988
6.00013
-3.9999
-8.99977
-17.9999
-1.99994
-7.00023
27.0007
-13.0001
25.0008
-17.9997
-20.9995
36.0007
-23.0002
-8.99991
23.0006
7.9999
17.0005
21.0009
-19.0004
25.9996
17
4.92316e-06
3.00002
9.99984
2.99995
-46.0002
-17.9998
-13.9999
-23.0001
38.0005
4.00002
26.9998
24.0004
10.9999
-9.99989
11.9999
26.001
-31.0008
22.0004
28.0001
-9
-28.9998
-14.0005
19.9997
4.99986
-18.0003
-8.99998
-38.0003
-32.9994
42.9984
-15.0004
-6.99996
-17.9997
-1.99998
-7
-16.9999
49.9986
23.9993
-22.0003
1
-8.00017
2.00002
-2.00004
-16.9994
3.99999
-8.00003
-34.9994
-16
-25.0008
1.00002
-15.9998
5.99986
-4.99983
4.99986
-9.99985
-4.00005
11
3.00002
-6.00004
-9.99983
-9.99983
-20.9994
21.9998
26.9991
-17.0005
-39.0006
26.0006
20.9999
-4.00009
-8.0002
29.0003
-12.9994
-41.999
-5.99987
5.00002
-23.9997
7.99993
38.0012
-17.9993
-20.0002
-11.9999
-14.9996
13.9998
13.9996
-27.0003
2.00007
-2.00002
12.9996
31.0004
-12.0002
26.0008
-5.00002
-20.0002
-34.0008
5.00015
22.9991
-28.9996
1.00002
-13.9995
-25.0009
1.00001
-34.0004
3.37087e-06
-15.0001
4.00004
31.9995
2.00002
11.0002
-26.0001
-1.99996
8.99991
-8.00038
-13.0001
-13.9998
-40.999
-32.0002
8.99982
22.9997
-15.0003
7.00025
-37.9998
16.0004
10.9996
-17.0005
14
4.00013
2.00007
4.00002
2.99991
10.0001
15.0002
-24.9998
13.9999
6.99994
27.0008
-9.00028
-32.0006
-17.9998
19.0002
-13.0003
-19.9995
-6.0001
-13.9996
-8.0001
-26.0007
26.9998
3.00001
-3.99994
22.9999
-0.999978
25.0004
6.00005
15.9999
-5
26.0006
27.0006
-1.99993
-21.0001
-52.0002
-30.9995
-46.0015
-24.0003
-7.99976
18.0001
33.9997
1.99997
-7.46519e-06
14.0001
-8.00006
12
-13.0001
12.9999
-28.0011
-6.99983
0.999951
-58.9994
10.0004
-5.9999
-18.9993
12.0004
48.001
12.0001
1.97065e-06
-15.0002
22.0003
-11.0001
23.0005
36.9989
31.9995
28.0007
-3.99996
3.00003
-4.99997
18.9998
-17.0001
-1.99995
-11.0001
-15.0004
-16.0002
15.9998
5.99987
-7.00038
26.9994
7.00025
9.00027
5.00015
-15.9996
13.9998
-6.00007
-11.0001
-47
16.0002
-8.00001
-1.99997
-27.0001
19.0002
25.0003
-39.0008
19.0002
8.99978
10.9998
15.0001
-3.99999
-25.9999
13.9998
7.99999
0.999992
-29.9996
-8.99974
3.99999
11.9995
-11.9998
-20.0003
-31.0008
3.99987
-14.9997
13.0002
1
14.0002
-15.0005
9.99963
4.99998
-23.0002
10
-23.9993
20.9999
-38.0013
6.99996
4.99988
-18
-7.00004
-6.99998
-13
-11.0005
31.9993
-5.00013
11.0001
-9.00048
22.0008
-1.99999
-15.0002
11.9997
-20.9996
-19.9997
16.0006
1.83254e-06
-6.99995
-24.9994
-19.0004
18
-8.00025
38.9987
-2.00002
-26.9991
0.999964
2.99999
-26.0005
21.9992
-9.00043
-27.0006
-19.0007
13.9997
-5.00009
25.9993
-18.0004
-9.99944
-2.00002
-4
17
-3.99995
-10.0002
-32.0005
-17.9996
4.99996
-5.9999
2.12465e-06
-4.40455e-06
-12.0002
-27.9993
28.9997
13.0004
-5.37111e-06
-10.0003
7.00002
-29.0003
-0.999991
8.00044
-32.0003
-25.0002
17.9997
19.0006
-27.9992
23.0001
-54.9985
-23.0002
-21.0004
-13
28.9992
-8.00033
-7.00027
40.9999
41.0009
12
9.05492e-06
2
30.9996
-12
12.9997
-5.9999
-16.0003
-23
-7.99966
-32.0003
22.9997
-38.0015
-16.0001
37.9997
-13.9998
39.9995
-10.0005
-2.99995
-14.0003
4.00003
13.9997
-34.001
-3
20.0006
-2.99993
35.0005
-9.99958
1.99994
-0.999953
-23.9999
2.00004
1.00002
-24.0001
-2.00001
-1.00001
6.99996
5.00005
6.99974
-1.99998
-35.0004
-10
9.00056
39.0008
12.0004
23.0008
-12.0002
-20
1.00004
6.00006
-0.999986
12.0003
-0.999977
23.0003
-24.9996
2.99989
-3.99998
-24.0005
25.0005
-12.9994
-8.00033
-6.99989
7.99974
17.9997
-12.9997
6.99974
10.0003
-9.00007
-30.0005
36.0005
13.9999
-4.00004
-8.00004
46.9998
-11.9998
-21.0004
8.99999
-2
-15.0002
0.999994
-4.99989
-15
-2.71047e-06
-6.00006
-21.999
18
-3.99992
30.001
-50.0015
25.9996
15
-14.0005
-14.0003
15.0002
-31.9999
-10.9996
-4
2.00003
4.99996
-23.0006
-22.9997
-15.0002
2.00001
-14.0001
3.10621e-06
-5.00011
-8.00024
-21.0002
-2.00002
-4
8.99965
-17
12.0001
-15.0002
-26.0008
-19.0005
8.00049
-6
-14
13.0004
-29.0005
3.9999
-6.00009
-32.0004
15.9997
5.00007
10.9996
16.9995
-4.99994
-8.00016
-22.0006
10.0002
-13.0003
-18
-13
19.9994
40.0008
-7.00016
8.00007
-3.00001
31.0003
-6.99991
18.0002
-7.00016
-12.9999
1.00006
10.0001
-23.0001
-32.0011
21
-12.9998
-0.999988
-12.9999
11.9998
-10.0001
1.99997
-26.9999
-32.0008
-15.0003
26.9999
-0.999946
-9.00003
9.99999
0.999995
-1.72489e-07
-10
8.00017
-19.9996
-13.9998
4.9999
29.0006
32.0009
16.9998
-8.00004
-19.0003
-14.0002
-0.999982
-24.9996
12.9999
-27.9999
14.9999
-24.0001
-6.0002
-13.0003
26.0005
6.00016
-3.99998
11.9999
-29.001
-14.0003
21.9998
3
3.00008
-4.99991
-37.9992
15.9999
14.0002
-20.0001
-1.99996
-18.9997
-3.99996
-3.00006
-1
9.99996
1.00001
-13.9999
-21.0001
-5.00006
3.99998
31.9994
14.0004
-12.9998
-8.99993
-8.99978
20.0007
-11.0003
-34.0009
5.99988
21.0009
-14.9997
5.00005
-12
-22.0004
-5.99992
-10.9995
4.99988
-5.99991
27.9997
-3.99994
22.9999
28.9998
2.00001
37.9994
-7.99971
3
-24.0005
0.999963
-7.00032
21.0008
36.9998
-50.0006
3.99996
-23.0005
11
-25.9996
-2.00002
2.99993
25.9993
-28.0001
-10.0002
-6.99987
-34.0007
1.99996
13.0001
-5.99983
19.0007
6.0001
-44.9987
-14.9997
-13.0001
-4.99993
5.00011
-24.0004
58.001
7.99997
18.0001
-14.0003
-16.0001
-10.0002
24.0001
7.00041
18
19.9993
-28.9993
32.0013
-8.99997
34.0005
7.99969
4.99988
1.99998
-18.9994
-16
-13.0001
2.00004
12.9996
20.9999
-25.0006
35.0002
-34.9996
1.99995
-15.0001
5.00005
10.0005
13.9998
-7.99965
1.88994e-06
-13.9994
36.0002
1.99996
40.9989
29.0007
3.00006
-33.9994
-4.00004
12.0003
-4.99982
6.99994
-7.9997
-6.9995
-15.9998
1.1147e-05
-23.9999
5.99993
-9.99959
19.9998
-5.0001
10.9996
-28.0004
43.9988
2.00003
17.0006
-5.00013
5.00006
-2.99998
25.0004
-12.0002
17.9994
24.9999
-21.0004
51.9997
-30.9998
2.99991
10.0001
-6.26337e-06
-21.0003
15.9995
11.0001
-4.99994
13.0003
3
28.0007
9
4.99987
19.9999
-8.99983
-56.002
-6.00021
41.999
-3.99984
17.0004
3.00012
20.9997
-0.999954
23.0003
8.99985
29.9991
5.99984
-37.0012
-8.00009
8.00001
-0.999984
-28.001
3.00001
40
4.00004
26.9994
-7.00016
-8.99971
31.001
12.0001
26
-10.0002
-9.00009
-19.0001
-17.0002
33.0005
11.9999
-6.00002
4.00007
-7.00023
24.9999
-2
-8.99995
3.00006
14.9997
1.99996
15.9993
-19.0002
17.9999
-20.9999
-17.9997
-4.00008
-46.0011
28.9997
23
-7.9997
-29.9992
28.0009
-48.0006
-8.99973
9.99983
-9.00037
-20.9997
18.0003
-1.99998
-16
15.9996
5.99995
-13.9994
1
37.0007
40.9998
-31.0006
-35.001
31
14
1.31418e-06
24.0001
7.00016
13.9994
-18.9999
17
-32.0004
5.00005
9.99976
0.999972
28.0001
32.9998
12.9998
-5.00006
18.9999
33.0007
18.9998
7.00003
-17.9994
15.9999
-38.0011
2.00002
-13.9995
2.00006
12.9997
28.0005
-11.9998
-6.99988
-8.99974
-26.0009
23.9999
-18
8.00006
8.99978
-40.9988
-1.99996
5
-5.80009e-06
-12
14.0003
-41.0014
35.9991
-7.99981
-14.9999
2.00005
20.9999
-1.24005e-05
-36.0005
0.999974
14.0002
-9.00014
62.9984
-19.0005
-16.0003
8.00009
-33.0013
42.001
2.00003
14.0002
-25.0003
-28.9994
-18.9994
-8.00004
-9.99998
49.9993
-22.0005
21.0001
19.0003
-5.73275e-06
7.00026
6.9998
5.00016
-10.0006
12.9997
1.00003
15.9995
-33.0005
3.99995
-26.9994
9.00016
14.9999
9.99961
48.0003
1.00002
13.0002
27.9991
-9.99983
-44.9988
14.0005
-14.0004
23.0003
2.99989
34.9992
-11.9999
-11.0001
28.9999
26.9998
-6.99995
-15.9999
-31.0006
8.00015
8.00012
41.9989
-17.0001
-25.9995
-25.9999
-7.99985
23
18
25.9993
17.9994
19.9997
8.00022
-13.9997
28.9993
-42.001
31.0012
-19.9995
-17.9999
-11.0001
15.0002
-5.99986
-12.0001
-12.9999
-5.99987
-1.99995
-19.0004
-38
-34.9993
24.0001
2.60808e-07
-4.99992
-15.9996
13.9999
19.9992
-1.00004
-24.0003
24.9996
13
22.9991
-12.9998
-28.9995
-12.9999
-21.0002
-3.99993
-6.00017
1
-18.9999
28.9994
-39.9994
-38.0003
43.0004
-11.0002
-33.0007
-7.0002
25.9999
11.9996
-19.9996
13.0002
7.99992
-11.9999
22.0004
41.9989
12.9998
8.99993
-15.0001
-12
20
-18.9998
-27.9993
-1.99993
4.99988
-4.0001
8.0001
12.0002
-10.9998
-23.9998
5.00012
3
25.9995
-20.9995
5.00009
-19.0002
28.0007
-37.0009
26.0006
11
23.9995
-30.0009
-1.99994
13.0006
-17.0007
8.00002
-15.9996
17.0004
33.9996
-38.9993
16.9996
-4.00009
-14.0005
11.9999
-14.9996
4.99988
0.999999
-0.999998
5.99984
-4.00012
1.00004
-8.9999
-6.99986
-10.0003
2.10553e-06
-7.00018
-15.0005
1.99996
11.0001
-4.00004
-18.0004
14
-41.001
-17.9997
-2.99992
6.00009
16.0004
-7.99997
-12.9995
8.99986
33.0002
-13.9997
-13
2.00002
-21.9996
-23.0001
20.9999
1.00005
14.9999
-14.0004
-7.99997
7.00025
8.00008
-26.0001
-16.9997
16.0002
5.00004
29.9991
-6.99984
-6.00005
-11.9999
-7.99996
-19.0004
-34.9989
-1.00002
8.99997
-19.0001
-13.9996
-35.9993
46.9988
-0.999957
11.9999
-13
-16.9997
-5.99982
9.99995
-7.99953
-1.00002
-5.00009
8.99957
3.99993
-9.0001
-14.9997
8.00011
-6.80286e-06
-38.0004
6.99999
8.00015
30.9992
30.0006
19.0006
-46.9995
7.99989
17.9999
-9.00006
-12.9996
15.0002
11.0001
15.9997
23.0004
14.0003
26.9992
-6.99986
20
-22.9992
-23.0001
1.99996
4.00002
11.0005
-34.9987
-26.0004
4.99996
-4.00002
-21.0001
3.00005
-22.0006
-17.0002
-14.0001
-32.0003
-25.9995
2.99999
-19.0008
-30.9997
-5.52463e-06
17.9998
-6.00001
-49.0015
14.9998
-6.99974
4.99995
-5.00004
8.00009
28.999
15.9998
-27.0004
-13.0005
-9.00012
6.00003
6.00006
-4
-25.0002
-13.0003
-24
8.99977
0.999986
-3.00001
-32.9995
-8.99986
39.0002
7.99992
-10.0001
-4.99993
25
-27.9997
-11.9999
9.00024
-11.9999
23.9995
-8.00039
-21.0003
13.0003
-6.9999
17.9999
-21.9993
-2.99991
15
-2.99992
-19.0007
-15.9996
5.99997
9.00047
-1.99998
-3.99999
10.0002
-38.9991
-22.9998
-7.99985
-9.99976
14.9999
2.99997
12.9997
8.00018
30.0001
-17.0001
14.9999
-15.9995
11.9998
8.99983
-10
22.9999
9.00009
-13.0002
30.0002
-8.99962
-10.9997
8.00002
20.9992
-4.00001
30.0003
-19.9995
-10.9999
-32.999
-12.9999
-22.9994
15.9997
14.9997
28.9993
-12.0001
-8.00009
14
-23.0003
-1.99996
28
-36.999
-12.9995
3.00002
-17.9997
-12.9997
-11.0003
-19.0007
-16.9998
-17.0002
-4.00005
47.0014
22.9997
-15.0001
-9.99988
41
18.9997
3.99995
-23.0003
-24.0007
34.9993
-3.00002
19.0003
3.99994
6.00006
26.9994
5.99991
4.99993
-34.0006
-14.0003
-26.0004
4.99996
0.999965
-17
-50.0003
4.99992
7.99955
-2.99998
-9.99984
-3.99996
-2.00004
11.0002
-45.0009
22.0002
1.00002
-2.99997
9.99971
12.0003
16
17.9997
-8.00032
-19.9996
7.00013
-23.0005
-7.00016
-17
-17.0001
-15.0002
-14.0002
4.00005
9.00049
-25.0001
-11.9999
-24.0004
-16
35.0004
10.9998
12.9998
11
4.00006
14.0002
-4.99997
16.0006
13.9994
15.0001
-8.00002
4.99985
-12.9997
14.0002
-12.9996
35.0005
-12.0001
5.65134e-06
27.9993
33.001
-24.0002
-6.00009
23.9999
21.0009
-18.9999
-2.99999
-1.00002
-23.0001
-16.9995
9.99984
9.99997
4.99987
0.99997
-1.00003
7.99994
26.0004
27.0011
33.9995
41.9999
12
11.9997
-16.9997
-17.9999
-14.9998
-14.0003
-24.0004
50.9988
-13.9999
-26.0007
-42.0006
-44.0001
7.00019
15.0003
22.9995
-12.0002
1.99996
4.00014
-9.44542e-06
-2.99992
16.0003
25.9991
22.9998
15.9998
7.00023
-2.00001
-17.9996
2.00002
14.9998
16.0002
-50.0001
-13.0001
2.00001
22.9999
9.00048
-7.99991
2.00001
-17.9996
-17.0001
-15.0001
-5.99961
35.9991
6.99986
-29.0003
-11.9998
16.0002
3.99988
-37.0005
13.0001
12.0005
5.9999
-8.00024
-9.99961
25.9996
19.0005
-10.9995
6.99994
-39.999
-3.49307e-06
3.13601e-06
23.0005
16.9997
-26
-9.00013
18.9995
25.0003
29.9998
5.99991
-5.99997
17.0001
-24.9999
14
23.0004
-2.99995
24.0006
16.0003
6.99985
56.0017
7.99998
7.00005
3.00001
-23.0004
-16.0002
-12.0003
10
-20.9993
0.999957
1.99999
8.00027
-18
0.999987
8.00006
15.0001
20.0002
-6.00009
38.9993
-17
-4.99998
-10.9996
16.9997
-2.99992
38.9996
-35.001
16.9997
-10.0002
-45.001
-2.00001
-2
-2.99999
-4.00002
13.0005
-11
-1.00004
27.0008
-34.0007
-23.9991
7.00016
-1.99995
3.00011
9.99992
-56.9996
-40.0003
-22.9996
-38.9985
9.0003
-21.9999
-2.99993
13.9999
-12.9999
-31.0007
-5.99982
7.9996
6.00004
-25.9993
-3.99997
-10.0001
13.0001
12.0001
26.0005
18.9998
-17.9996
22.9994
23.9999
1.00005
-35.0006
-14.9998
-31.9993
19.9998
5.00002
-5.00012
20.9997
-13.9996
23.0001
40.9993
-19.9997
5.99992
10.9999
-26.0006
1.99997
-34.0008
-15.0001
-1.00001
-14.9999
13.9995
3.99996
-2.00006
13.9998
32.0008
-18.0006
46.9996
-31
-7.00021
15.0005
21.0004
14.0004
-14.0005
-11.9996
-7.99987
-4.00012
-5.99992
22.9995
-26.0002
-13.0003
-22.0006
-11.0001
-4.9999
-19.9999
3.00008
-2.99991
-43.0008
31.9999
12.0001
17
34.0006
18.0004
2.00002
8.9999
9.99965
-2.99997
17.9995
-6.00007
10.9999
-6.99985
-9.9998
-10.0004
4.99999
8.00034
28.9995
12.9998
-10.9999
-7.00032
-19.9998
6.00008
-20.9995
10.9999
16.9997
-20.9996
10.9999
11.9998
-18.9992
8.99988
-4.99995
3.9999
13.9995
-26.9996
0.999953
-29.0003
-35.001
-4.99997
14
-3.99998
7.00031
23.0002
-51.9991
-4.00006
6.99987
-10.9998
16.9999
-16
2.00002
-2.00005
3.99988
2.00003
1.99999
35.0006
11.9994
20.0006
-35.9995
-20.9994
-20.9999
-13.0003
17.0004
-35.9994
7.0001
11.9994
-6.0004
11.9999
2.99997
32.9998
28.0008
-15.0001
-12.0001
-2.00007
18.9993
15.9999
23.0001
-31.001
-12.9997
-38.001
-4.99987
-29.9996
23.0002
26.9994
-63.9992
-5.99995
4.0001
-6.99991
-36.9995
-51
-3.00003
12
15.0002
24.9998
-18.0003
-18
-8.99996
17.9999
-29.0007
6.99975
-45.9986
4.9999
-27.9995
-26.0004
13.9997
11.0006
-11.9995
29
-13
13.0004
-5.9999
2.00003
-22.0004
1.00001
10.9999
35.9995
33.9987
0.999995
15.0002
-8.99973
-28.0002
14.0003
28.9999
11.0003
3.99995
20.9999
33.9995
-7.00005
19.0004
6.99971
14.9996
-5.00005
1.99996
8.99992
3
2.00001
-20.0003
7.99988
-16.9998
14.9998
-30.0005
4.99983
-10.9997
1.99998
-2.99992
-7.00001
-18.9996
-0.999963
-10
16
-4.99988
-1.00002
-1
-10.0002
-7.0003
11.9997
-10.0003
21.0007
-28.0009
-8.99973
-8.00025
-25.9994
6.99981
-1.00003
-13.9996
-5.00011
-6.00044
9.00031
-2.99998
-11.0001
-0.999983
6.00034
0.999994
2.00007
-3.00003
15.9998
16
-17.0007
-21.0005
4.00005
5.00006
-34.0004
11.9997
5.00005
-23.0006
-48.9988
18.9995
54.9989
18.9997
21.9999
-0.999987
7.99992
7.00008
-29.0004
8.00022
13.0002
0.999949
34.9997
-1.00004
10.0004
-26.9997
-24.0004
4.00005
-1.00001
8.99944
1.42393e-06
-0.999968
-16.9997
5.00002
29.9996
4.00001
29.9997
9.99995
-4.00014
-8.99973
-19.0003
20.0006
8.99964
23.9996
3.99987
-1.99998
20.9995
-7.00024
30.9997
-5
-8.00021
-22.9998
-3.99991
-35.0009
-3.00008
24.0005
19.0001
-13.9998
3
9.99955
6.99983
-18.9996
-6.00011
10.0005
-13.9998
-25.9994
-23.9997
-1.00001
-19.9998
25.0004
-1.99998
-43.0011
6.99994
5.00017
-7.99979
6.99953
-22.9996
-23.0003
16.9998
11.0004
-9.99951
-7.99971
19.9996
13
-2.00005
5.00011
-35.9998
-34.9998
3.00003
-17.0001
35.0005
11.0003
-10.0003
-8.00002
7.99994
-29.0006
-14.9995
-19.9996
-3.99991
-8.99994
6.00003
14.0003
5.99995
-15.0001
-14.0004
-9.99997
-9.00019
4.99991
-16.9993
23.9996
-1.99996
14.0003
-13
6.99953
2.99993
-24.9997
-41.001
8.00029
8.0004
13
-39.0001
-29.0001
-13.9996
-39.9994
-44.0014
-19.0001
-10.9999
-18.9999
7.4199e-06
-24.0001
17
-59.9997
-20.0001
-15.0006
-14.0004
15.0002
-16
-6.00003
-22.0003
16.0004
-23.9995
11.0003
11.9995
-16.9998
-0.999981
32.9994
22.0001
21.0003
-14.0003
2.99996
26.0008
18.9999
-7.99976
-4.00009
-18.0003
22.9996
-41.0008
6.9997
-11.0001
51.0004
3.99998
-16.9997
30.0004
8.00011
-10
20.9994
0.999979
5.00011
10.0003
22.0006
51.0009
4.99997
-46
15.9996
34.9989
24.9994
10.0002
10
-8.00025
-30.9999
16.0001
15.0006
23.9993
-2.99999
16.0007
-13.9998
20.9996
25.9995
5.99987
3.00008
30.9995
-4.0001
4.99996
17.9997
43.0005
-1.00003
12.0003
27.9993
18.9998
-9.00036
-25.9999
-8.00033
-29.0011
7.00028
-16.0002
-17.0007
18.9996
-5.00001
-8.99992
16.9995
21.9998
-39.0012
-22.9997
21.0002
-11.9997
-5.99992
-28.0009
10.9996
-1
16.9995
-6.99961
-19.9993
-17.0001
17.0002
-11.0002
-21.9996
5.99991
0.99999
18.0001
20
24.0001
-30.9998
20.9993
-47.0006
-24.9997
-6.99993
25
11.9997
-32.0009
-56
-16.9999
9.99994
20.9996
-15.0003
13.9998
-8.00014
7.99989
-9.99989
-19.9998
-10.9999
-23.9997
2
-43.9998
25.9996
-25.999
16.0002
-6.00015
-23.9996
-8.99953
33.9991
52.0017
-14.0001
4.0001
-1.00001
30.0012
-10.9999
13.0004
-15.9998
-10.0001
4.00002
22.0004
-9.00014
-21.0001
8.00017
48.9988
31.9996
-14.0003
-26.9997
39.9995
44.0003
-40.0008
-14.0001
35.0004
-37.999
0.999999
5.9999
-20.0001
31.0002
65.0003
35.9994
-2.88507e-06
-21.9993
26.0002
-17.0003
6.00003
9.00024
17.0004
-16.0004
-23.0002
-30.9992
-37.0006
-1.99997
-10.9998
17.9998
15.9994
-5.00006
-6.9999
28.0007
30
12.9995
10.0002
-8.00026
12
22.9994
3.65349e-07
39.0003
-1.99993
13.0001
19.0005
-1.99999
-4.00005
4.99998
14
-13
-55
39.0007
18
23.9991
28.0001
28
9.00052
-14
-34.0004
13.9997
5.99997
3.00006
16.0001
-5.00004
-23.9996
21
-22.0002
29.9999
-17.9997
-4.9999
-4.9999
24.9996
17.9997
-11.0002
-2.99996
9.00031
-8.00033
-36.9993
-8.0002
-22.9996
8.99971
4.99985
-9.77429e-07
-3.99998
19.0004
7.99996
-6.99997
-20.9996
1.99998
8.00039
7.00047
27.0008
-18.9996
-1.00001
-6.99979
-14.0001
3.99997
-44.0012
-2.00006
9.99992
16.0003
10.0003
-17.9997
12.9995
-5.00007
-8.00032
-18.0002
25.9996
-16.0004
10
13.0001
-4.00007
-24.001
16.0002
-9.00007
-4.00003
28.0007
-1.99996
-24
8.00046
-67.0025
-8.00017
12.0005
-36.999
22.9995
-28.9996
-5.99994
-5.99992
-2.00002
1.99999
-8.00046
-27.0003
-28.0006
-4.00003
11.0003
18
-14
-1.99993
-53.0007
-25.9999
14.9999
-6.99971
14.0002
-22.9996
-22.9997
20.0003
-5.00011
3.99985
35.9995
28.0007
16.0001
-6.99991
15.0003
-22.0004
23.9991
32.0009
-7.99975
-4.99987
-2.99988
-4.00012
29.0005
19.0001
18.0001
-22.9999
-19.9998
20.9994
28.9994
10.0003
6.99962
26.9999
-1.99996
7.99995
-46.999
32.999
23.9992
-5.99991
-13.9999
3.99991
5.9999
-33.0009
17.0006
-14.0005
1.00001
-43.0009
-5.99996
-1.99999
-34.9998
22.0001
23.9999
-6.00015
-52.0015
38.0006
-21.9996
27.0006
9.00008
3.99991
-11.0004
-1.00002
15.0001
-30.0001
-62
1.99999
8.99989
32.9994
-6.0001
9.0002
23.0002
-5.0001
7.00003
39.9998
27.0001
4.00002
42.9993
-5.0001
-14.0001
5.99997
-39.999
-12
2.99994
-18.9996
-8.00003
-12.9996
-44.001
13.9999
-15.0004
1.99998
-11.0001
7.99971
15.9996
1.00003
-1.00001
-30.9999
-25.9999
-1.99995
15.9995
-19.0004
-7.00025
3.00008
-11.0001
-1.00005
-1.99993
32.9999
19.9995
-33.0009
-28
-5.99976
18.0002
15.0004
-3.00005
-10.9998
35.9989
25.999
34.9997
8.99984
-13.9996
10.0002
-12.0003
-15.0006
14.9999
22.9994
2.99995
-21.0002
-15.9997
2
24.9994
-37.0002
6.00022
11.0001
-21.9998
4.99994
-43.9998
14.9998
-21.0002
-6.99972
16.0002
40.9991
13.0002
-24
-23.9995
-27.9989
19.9992
1.99997
15.9995
37.9992
24.0006
-23.0005
-9.99966
-21.0004
-5.99987
5.00003
24.9997
-30.0002
-15
-12.9996
-21.0005
15.0006
-7.00053
2.99995
1.36687e-05
20.9997
28.0006
-11.0002
-19.0002
-7.68122e-06
6.0001
-23.9994
11.0005
26.9999
2.99997
-7.00003
-47.9996
-4.00008
-20.9998
15.9997
-11.0001
-17.0003
6.0002
3.0001
4.00013
23.9996
5.99984
1.00004
10.0004
-7.00006
1.99994
-5.00006
6.00002
-22.0002
-3.00002
-9.00007
-39.001
12.0001
-7.00019
-18.9998
23.0002
21.9993
10.9999
10
8.99965
-22
-18.0003
-2.00006
-5.9998
-13.0002
1.99998
-0.999994
50.9991
14.0002
-34.0011
-33.9996
14.0004
-20.9997
6.00002
16.9993
1.00002
34.0004
-12.9999
-15.0002
8.23764e-06
-3.00007
-23.0004
-7.99995
15.9999
-28.0004
-17.9997
-7.99969
13
15.0001
-26.9999
1.00003
-7.99981
7.00011
-7.99991
-7.99984
-19.9999
-11.9997
39.0006
9.00027
-3.00003
-28.0003
29.9998
-12.9997
-7.00009
-29.9995
1.24159e-07
-8.00011
16
12.9997
-30.0005
-16.9996
-20.9999
-5.00001
42.0015
-7.00026
5.9999
8.99969
-31.0001
16.9996
-14.9998
-52.9988
-22.0009
-14.0003
-28.9998
21.0006
21.0001
-22
-10.9999
18.0002
12.0002
-10.9996
39.9988
-17.9996
2.00005
-14.0004
-5.9999
-21.9996
-12.9994
-9.0002
32.001
4.9999
-26.0002
-4.9999
15.0007
-8.99963
-25.0003
-11
14
24.9995
-14.9996
40.0003
31.9992
20.0001
35.0005
-27.9999
17
8.99979
2.00001
-11.9999
-1.00001
4.99991
3.00001
37.0003
-27.9999
-9.00052
26.0007
-7.99956
-13.0003
-1.99995
2.99999
13
7.99958
-7.99968
-35.9994
6
18.0001
-13.9998
-13.0003
17.9996
32.9999
1.99997
-28.9992
-30.001
-12.0005
-18
-2.99991
-16
26.9998
16.0002
-21.9999
32.9987
-10.0001
-33.0006
11.0006
-37.0009
27.9997
5.00011
24.0003
3.00004
-4.99994
-7.99983
-4.99982
-13.9996
20.0002
20.9999
21.0002
-25.0005
-22.0004
-11.9996
-4.99993
2.99998
-3.99996
8.89401e-07
-14.9999
-4.00008
3.00001
-23.9995
2.00007
2.00005
14.0003
-30
-3.99999
-34.0006
-0.999992
-20
-21.0003
9.99971
-25.9991
-11.0004
-13.0002
-3.99988
-27.9998
-16.0003
-26.9992
-32.9997
1.99998
16.9995
-10.9997
34.0007
-17.0004
34.0006
-33.0005
11.0002
8.99984
-9.00009
5.99989
-7.91422e-07
4.00002
-3.00006
19.9997
11.0002
29.9995
25.9998
35.9994
15
19.0004
-14.0001
15.9994
-6.99953
35.0007
41.0002
14.0002
-50.9991
-4.04321e-07
4.0001
-24.9994
29.0001
-7
16.9996
-40.0005
-28.9995
12.0002
18.9994
-2.00004
8.99982
-2.00004
16.9996
16.9999
24.9995
9.99958
47.999
-18
-21.0003
-35.0007
38
-16.9998
6.99954
13.9993
7.00026
1.17002e-06
-4.0001
-1.21681e-06
27.0002
-4.00003
-9.00012
15.0004
-9.99964
-2.08848e-06
15.9999
31.9989
6.00002
-4.99991
-36.0008
22.9995
-2.00006
-23.9995
9.9999
-14.9994
22.0003
-3
25.0001
6.99997
-10
1.99995
28.0006
-6.00011
16.9995
-21.0004
-26.0002
28.9994
20.0007
11.0003
14.9997
0.99997
38.9999
-9.99983
28.9991
-13.0001
-16.9995
-16.0002
-23.0002
-29.0003
30.0003
10.9997
1.00004
-25.0002
-2.99993
18.0002
-17.0004
10.0006
-36.0007
17.9999
-5.00013
-16.9998
6.00014
16.0001
3.99993
15.0001
-7.99998
0.99998
15.0001
15
60.0001
-20.9994
-7.00027
16.9999
-7.99998
3.08828e-06
-2.00003
9.00031
-20.0009
-24.9997
21.0001
-28.0007
4.99996
2.99995
10
1.00001
-5.00014
-2.99999
28.9994
8.99986
-18.9998
6.99981
-25.0003
18.0002
2.99995
4.39815e-06
-1.00003
22
-11.9998
-27.9997
2.00002
-24.9992
1.00002
-8.99989
-25.9991
2.00003
8.0002
-14.9999
-12.9994
-9.99993
-13.0001
9.00026
-36.0008
-27.9995
-21.0005
3.99987
9.99964
-2.99999
1.00002
-25.9997
-31.9998
-7.99972
40.9992
33
-24.9994
-8.99999
-13
-29.9989
-10.9998
11.0001
-44.0008
-16.9999
-36.9994
18.0004
21.0007
-3.99991
-16.9995
-14.9999
4.99992
8.99969
-16.9997
-10.9999
15.9999
-17.0001
18.9999
-21.0008
43.9986
43.0009
5.99991
1.99999
1.99994
-1.99997
-29.999
15.9997
3.00009
-16.9996
-2.99992
30.0001
-21.0002
-17.9996
5.99982
0.999986
9.99956
13.9994
29.0002
4.99999
-7.00008
-9.00017
-26.0002
-8.9999
28
44.0012
19.0004
-12.9995
-15.0003
-11.9998
1.00001
-10.9997
-3.9999
-8.00009
37.9993
29.0002
-8.99985
-1.99999
-2.99991
4.99997
19.0007
-21.0005
-12.0002
-1.99995
-3.99995
15.0003
18.9996
-11
6.99974
4.99991
-6.99997
-9.99982
11.9998
-29.0005
-28.9994
4.99986
-2.99995
-16
12.0002
-2.00002
7.99965
21.0001
-18.0002
-12
-16
-22.9995
-2.00005
-4.00006
-39.9991
-23.0001
9.99966
7.00031
-41.0006
-25.9999
-39.9993
6.11117e-06
-3.99987
3.00007
25.9999
-16.9999
23.0007
8.00048
40.9989
-8.99996
-16.0002
7.99969
-10.0001
-29.0004
14.0002
6.00005
-12.0006
23.9998
-26.9996
18.9994
-12.9999
-20.0006
-2.99998
-36.0002
1.00002
7.00013
-26.0004
-21.0002
1.00001
-18.0005
-31.9996
-11
25.0007
15.9996
52.9991
18.9997
22.0006
-19.0001
-42.9984
-1.99998
-19
18.0003
11.9997
-4.0001
48.0011
-28.0007
-10.0001
5.99999
-14.0003
5.00011
2.99999
-33.0007
2
7.00014
-2.00005
10.0001
-15.9994
35.9995
-8.00027
15
1.00003
-8.00015
3.00005
3.00003
26.0005
-28.0005
24.9998
9.0002
-12.0001
2.99999
6.00021
1.00481e-05
-11.9999
-31.0012
5.00003
32
-4.00003
43.9988
-10.0003
-32.0005
32.0005
4.9999
-2.00005
-5.00004
-7.00036
-8.99984
-28.9999
-8.99978
-22.0007
-66.9982
-10.9999
11.0001
-42
31.9995
6.99985
-8.00034
2.99992
6.00006
-7.99982
33.0002
-1.99994
-39.0005
-4.95895e-07
-7.99955
-0.999986
10.0005
-23.9992
25.9997
-31.9997
19.9992
-3.00006
17.0001
-35.0011
3.00004
-20.9997
71.9988
-0.999984
-16.0003
-38.0011
-30.0008
-4.00002
3.00002
27.0005
33.0002
11
-5.99994
16.9997
-14.0002
14.0006
32.0005
-4.9999
-23.0001
16.9996
-28.0003
-12.9998
11.9997
-49.9999
6.00017
27.0003
-2.99997
-26.9991
10.9997
-15.9997
15
-14.0005
-35.9993
-7.99982
-23.0007
7.00018
21.0007
-3.9999
-7.00019
14.9997
2.99994
27.0008
6.99956
28.9992
-48.0007
22.9996
1
-36.9998
4.99989
-23.9995
19.0004
11
-31.001
2.00003
39.9985
3.99994
-4.00014
12.9998
-28.001
5.03894e-06
39.9989
-12.0001
-15.0003
-2.00006
-5.0001
-8.99971
-21.9995
-19.0003
-23.9997
27.0006
-19.9998
-27.0009
33.9992
-3.00007
-4.00001
-18.9997
5.99991
-0.999963
-13.0001
6.00006
14
7.00033
3.99999
15.0002
-25.9999
11.0004
-23.0004
25.0007
-31.0001
19.0002
-19.0001
13
-22.9997
23
21.0004
12.9999
44.0002
1.00001
-5.00011
19.0006
-22.0004
-8.00041
-7.9995
-23.0001
25.0011
-33.9993
35.9998
-22.0008
11.0001
9.0004
20.0001
-1.00002
0.999993
10.0002
2.9999
-10
17
-17.9998
15.9998
-6.61622e-06
-11.9997
25.9998
-4.25089e-06
14.9994
11.9996
-31.9992
14.0002
2.99993
-9.00014
-16.9998
20.0001
22.0003
41.9995
18.0004
22.9997
-20.0004
4.9999
16.0003
-6.99977
14
-10.9998
8.00023
-7
-7.99968
18.9997
15.0005
5
-40.001
-3.00006
-27.0005
49.999
-22
6.99993
-15.9999
-2.99998
-0.999994
-5.99997
-18.0004
-8.00002
15.9996
-12.0003
-13.9996
-41.0006
-3.00012
-3.99991
-12.0001
16.9998
-25.9995
8.99985
-7.00019
25.9999
-20.0003
-3.99992
27.0001
35.0011
6.99983
27.0001
-9.99996
-7.99949
16.0005
21.9991
-11
-9.00012
26.9999
-0.999975
20.0002
-12.9998
-24.0001
16.9997
-4.00005
-9.00005
6.00019
25.0004
10.0005
-17.9999
-26
17
18.9998
-10.0005
4.99987
19.9996
18.9997
16.0001
-13
-11.0005
9.00001
32.9991
9.99954
27.9995
-13.9996
-15.9998
-15.0006
32
-22.9995
39.0001
-12.0001
-16.0002
-7.99969
4.00004
36.9998
14.9999
-13.9996
19.0003
-2.00006
18.9997
1.99998
11.9994
12.0002
-20.0004
19.9999
-16.9999
-20.9995
33.9997
3.00003
8.99997
-5.00004
-39.001
8.99998
12.0003
-8
7.90738e-07
-6.9998
0.999992
42.0014
-23.9994
-1.00001
33.0002
-18.9997
14.0002
15.9998
-21.9996
15.0002
16.0002
-20.0002
-27.0009
5.00016
0.999953
1.87064e-06
7.99984
8.00018
20.0004
-40.9992
-23.9991
-1.99998
-14.0002
14.9998
0.99999
-21.9993
4.00001
-21.9996
2.99996
5.99979
3.00001
-17.0004
-5.00008
10
39.0003
17.0001
23.0002
15.9995
-13.0001
10.9995
1.00002
19
-13.0003
6.00006
-7.99951
-21.0004
1.99999
-11.9996
10.0003
-52.9987
-54.9999
-12.0001
28
14.0003
-22.0001
7.00039
-11
12.0001
-8
-2.00005
22.0006
-34.0001
-0.999964
21.0007
39.999
19.0006
-2.9999
-12.0005
-4.99992
9.9999
4.00002
-2.00003
19.0001
5.99996
-13.9997
16.0003
56.0017
31.001
-12.0003
-31.9995
44.0004
10.0001
-23.0005
-7.00014
-10.9999
23.0001
26.9993
2.00002
33.0006
21.9996
19.9995
-14.0006
-30.9987
-9.99945
-11.0003
-13.0006
-9.00013
-12.9995
-35.9997
-0.999988
7.99995
29.9999
-20.9994
-25.9998
-15.9994
8.00007
-5.20411e-07
7.00007
-4.00004
-11.9998
-18.9998
-20.9994
4.99991
23.9995
-19.9995
23.0003
6.99982
-22.9992
15
-11.0002
4.00012
-7.00022
3.9999
-28.0009
23.0001
0.999998
-9.99998
-8.99959
6.9996
25.0002
7.9996
6.00002
-24.0001
11.0003
-15.0003
36.0005
-34.9991
14.9997
2.00002
13
-21.0002
-28.0002
-0.999982
13.0002
7.99992
18.9997
15.0003
13.0003
-28.0004
-11.9997
36.9999
35.9995
6.00009
25.9997
14.9998
-43.0012
13.9995
-5
-18.9996
13.0002
-8.00033
-3.00003
4.00013
-12.9996
11.0003
-31.9995
-14.0001
22.0003
-8.99944
25
14.0005
-6.00018
22.9998
-15.0005
-13.9993
4.00006
29.0008
-11.0001
9.00027
1.00003
2.99993
-5.00005
15.0005
29.0011
14.9994
-11.0003
15.9999
-31.0003
16.0003
16.9997
5.00012
0.999956
-7.00016
13
15.9998
-4.99995
15.9997
-11.9996
30.9994
11.9997
-31.0002
-29
23.0002
-3.99995
12.9997
2.00001
25.0005
-18.9997
15.0001
20.0006
20.0004
-2.00006
10.0001
17.9996
-28.9995
48.0006
17.0003
-40.9988
-21.0009
-10
4.99999
5.00002
-12.9999
23.9999
-18.0001
10.9996
-9.00017
24.0004
15.0002
15.9996
-17.0001
25.9996
-13.9995
33.0006
-41
0.999994
-15.0004
22.0007
-8.00004
-11.9996
10.9997
-12
-4.99987
-48.0013
-8.00055
28.0005
-15.0004
-16
0.999997
17.0005
14.9997
12.9996
13.0004
7.99965
-19.9994
-18.9994
13.0004
15.9996
-1.00001
-4.99996
-12.9994
10.9998
16
16
-0.999989
-9.0005
18.0001
-15.0003
-8.00001
-27.9994
-27.0006
-1.99999
15.9999
4.00006
8.00045
-12.9999
26
-43.0012
5.99987
-14.9999
35.0009
33.0009
20.0006
-21.0002
45.0003
24.0006
-30.9994
-1.00001
-14.9996
-12.0001
-28.0008
9.99976
-26.0009
-29.9995
13.9996
12.0003
-8.00041
24.0005
37.0009
11.9999
-15.9997
10.9999
20.9993
20.0005
37.9999
16.0004
6.99988
-13.0001
28.9999
-29.9991
-8.00006
-15
3.99992
20.0002
-7.99962
38
-25.0007
-40.0007
22.0003
19.9999
12.9998
-0.99997
-19.9998
20.9996
-30.0005
-22.9991
26.9999
-1.00002
-19.9996
5.0001
-17.0001
-15.9997
1.99998
-16.9995
10.0002
1.00003
4.99986
15.9998
-10
12.0005
16.9996
-14.0006
7.9996
-25.9996
-3.00007
37.9999
1.99998
-5.99983
-22.0009
-14
-15.9999
-24.9999
4.00001
37.0006
-9.00003
28.9999
0.99997
20.9997
14.9999
-13.9994
4.99994
-9.99993
-13.0001
-40.9988
-1.00003
-8.99981
-5.99982
-7.00036
20.0007
-1.99996
25.0001
-3.99995
20
13
8.99963
-19.0004
-42.9992
-14.0004
34.999
-0.999969
-6.00004
1
31.9999
9.0003
-10.0005
11.9997
-16.9999
-27.0006
0.999969
23.0001
14.0005
4.00006
2.9999
11.0001
-8.00023
31.9991
-21.0007
-11.0005
3.99997
7.00006
7.99996
10.0002
-7.00005
9.99981
15.0003
-19.0002
5.99971
15.0005
25.0006
-35.9987
-27.9994
-43.9997
14.0001
7.0001
-8.99952
-2.00003
-1.99994
-22.0005
38.0007
-3.00001
-18
-1.99995
-11.9999
18.0007
-41.0006
41.9998
24.0009
-3.99994
30.0005
22.9998
-14.9999
16.0001
-13.9998
22.9999
-0.999986
-19.0003
8.00021
-12.9995
-5.9999
-13
-10.9999
-19.0002
12.0002
17.9999
-4.00011
-29.0002
21.9997
-3.00002
-2.00002
44.9997
-13.0003
18.0001
9.99973
29.0002
7.99999
-4.0001
20.0001
11.9997
9.99986
-17.9993
4.99991
30.0001
-32.9994
11.0006
-48.0004
-26.9996
-50.0002
42.9992
16.0005
8.99982
-20.0007
-35.9997
-44.9992
15.9998
-7.99971
18.0001
-4.99995
28.9998
28.0007
8.99996
-10.0001
42.9993
16.0002
-34.0005
-17.0008
16.0003
10.9998
10.9995
5.99982
4.00001
11.9994
30.0007
-33.0008
-5.00011
-13
8.00026
-1.99999
-2.99997
-14.9995
-10.0004
4.9999
11
15.0006
7.00046
-6.00011
25.0004
-17.9997
-22
4.99991
-10.0004
11.0003
-7.00013
-9.99957
-11.0001
-14.9995
6.00008
21.0004
50.0003
-14.9998
16.0002
-7.99983
-8.00001
2
-9.00017
13.9999
19.9994
-18.0001
-3.99992
4.00009
-25.0004
-2
-30.9998
-50.9984
-13.0005
-3.00003
6.99972
-21
21.9993
-2.00006
-8
6.99978
30.9992
-19.0001
-14.0005
-19.0005
7.99972
12.0004
2.9999
17.0006
-4.99996
-4.0001
16.9999
11.9996
8.99948
-26.0004
33.9992
-3.00009
13.0004
-4.00005
8.9999
-6.99992
1.00001
-3.99989
1
-28.0001
-34.0005
-10.9998
-56.0009
26.9995
9.99964
-28.999
-6.99968
-26.999
-35
-24.9997
-14.9997
-2.00004
21
18.0008
13.9998
-23.0006
20.9999
3.00004
13.0005
13.0002
16.9997
2.00002
17.0004
43.9996
12.9997
13.9999
29.9995
-37.0008
33.9992
-11.9996
-7.99957
-24.0002
18.9995
2
-4.00014
15.9996
-25.0002
5.99985
-11.0002
4.99987
-9.99997
16.0006
12.0001
-0.99997
21.0003
-13.9996
-11.0005
6.00006
-21.9992
-28.9991
-48.9988
1.99994
-8.9997
-26.0002
-8.00008
-22.9998
16.9998
-21.999
-22.0003
18.0003
1.00001
22.9998
3.00001
14
-0.999984
25.9991
-6.99965
-9.00011
6.00016
-2.9999
19.9995
-33.9995
44.0008
-40.999
-12.0001
-7.00044
-2.00006
-10.9997
30.9992
4.00003
23.9998
-1.31527e-05
-19.0004
4.0001
-1.5769e-06
-18.9998
18.9998
-18.9998
8.99983
-4.8826e-07
-11.9999
-21.9998
4.00002
-6.00004
24.9997
-10
4.00006
4.99985
24.9995
-17.0006
17.9994
-8.00012
9.99949
-9.99974
-11.9999
16.9997
-22.9994
1.99997
30.0005
-27.0006
8.99994
-6.00001
21.9999
-17.9999
18.0004
-0.99995
-14.9998
5.99995
7.99969
-3.99993
5.00002
-3.59382e-07
-35.9993
-29.9996
17.9998
1.00001
-9.99974
-6.99985
-1.99999
19.0002
28.9999
17.9998
17.0003
-17.9997
4
19.9999
9.99973
-2.00005
13.9995
-2.99989
8.99974
-4.00003
16.0001
-3.99991
-18.9999
0.999992
24.9992
-2.21185e-06
2.00004
3.00006
-37.0002
-41.9997
-14.9994
-9.99979
-18.9996
-6.00017
2.00003
10.9998
17.0004
-5.99957
7.30856e-06
-0.999958
-44.9998
-10.0002
7.99965
-23.0004
-14
5.99994
13.0001
12.0004
2.99994
-12.9998
-7.00023
-8.99948
11.9994
28.0004
-10.9999
28.0004
21.9991
-45.9996
-1.99997
12.0006
-46.9996
14.9999
41.0005
26.0003
8.0001
6.7991e-06
-3.99993
-2.00001
-29.0003
-14
13.9996
29.0003
15.0001
-0.999977
-5.00016
4.00001
6.99962
1.99999
-6.99994
3.99988
51.0003
-8.00041
-31.9999
-14.0001
36.0002
13
15.0002
-6
-8.00007
-22.0002
-27.0004
-4.99991
-26.9997
-3.00011
-2
17.0003
-13.9998
-7
16.9997
17.0008
6.99973
3.00003
-19.0002
13.0001
-9.99968
-13.9998
9.99986
-20.9997
-3.00005
3.00005
-27.999
-6.00006
28.9997
13.0002
-4.02461e-06
-24
1.00003
-34.999
-13.9996
-11.9994
16.0003
-0.999974
32
-7.00026
-4.99989
-26.0005
20.0003
22.0002
-7.00041
11.9998
17.9994
-5.00005
7.99998
11
-19.0003
-45.0002
-39.0004
40.9988
7.00022
-3.00001
-3.99987
11.0001
-6.99971
-4.99987
-31.9998
-0.999959
-5.00001
-1.00003
11
-9.99955
7.00018
-26.9999
-38.9996
10.0005
30.9996
-38.0001
4.99997
-24.0002
-25.9991
-9.00003
22.0005
-31.0003
-7.00042
27.0005
1.00001
-20.9996
7.14624e-06
18.9998
34.9998
-5.0001
-29.9996
25.9996
-23.0007
-1.99996
-16.9996
35.0006
31.9994
11.9996
-12
17.0003
-1.99997
17.0001
6.99947
-34.001
-6.0001
-3.99996
1.99997
23.9996
-1.00001
-11.0002
23.0003
13.9998
3.8676e-06
-34.0006
32.0007
47.0015
-4
-21.9994
4.99994
0.999985
31.0001
3.99993
8.1436e-06
5.99971
-11.0003
7.99971
-39.9992
5.00006
-6.99979
-3
-25.9997
-7.00012
-26.0006
3
-39.999
-3.00011
-13.0004
24.0001
1.99994
14.9999
44.9996
-18.0003
11.9995
-10.9999
-19.9994
-0.999975
13.0004
-19.0003
15
-35.0003
21.0003
-35.0013
-20.0002
25.9995
-9.99993
0.999996
18.0004
2.99999
-40.9992
-7.99991
1.99998
-5.00001
19.0009
12.0001
15.9996
13.9998
-10.0006
-1.00002
23.0007
19.0004
8.99965
27.999
-3.00005
23.0009
-8.0003
39.9995
12.0001
7.00025
-0.99999
22.9998
6.99985
14.9997
35.0008
-2
3.99995
13.9999
-2.00005
-34.0007
-11.0002
14.0003
-14.0001
37.0009
4.0001
-6.00006
-6.99986
18.0003
44.0006
-18
-11.9999
-8.0001
11.9999
17.9994
6.00005
2.99998
1
1.99995
17.9994
-26.9994
-50.9997
-16
29.0002
-16.9998
27.9999
-9.00029
-16.0005
-5.00004
-35.0003
-2.00002
1.00001
-30.0001
14.0001
21.0007
6.00008
19.0002
-4.99989
11.0002
-15.0002
13.0001
19
-27.0005
-18.0001
-25.0004
61.0006
27.0009
-11.9998
19.0001
8.99992
-13.0001
-21
-17.0003
5.00005
18.9995
-7.00004
7.99982
-2
28.9996
-2.99994
-10.9999
3.99999
19.9999
23.0003
18.0001
1.99998
25.9999
-18.0007
-3
26.0002
-1.00001
23.0002
24.0005
12.9998
-27.0004
14.0002
-5.99962
-7.99965
30.0003
7.99986
-15.9999
-7.0003
-33.9992
-40.001
-30.9996
29.9996
-21
-16
3.99999
-33.0004
25.9991
-37.0005
5.99991
44.0013
-2.99996
20.0007
-6.59763e-06
25.001
-29.0001
-22.9995
33.0001
20.0005
18.9995
-28.9994
27.9997
10.0003
-14.0005
-6.99959
13.0005
-18.9993
-16.9997
-18
31.9992
16.0003
19.9996
-0.999941
-16.9994
-9.99992
-22.0002
16.9998
14
-22.9999
4
5.99997
19.9996
-9.99967
-38.9997
22.0001
-4.9999
8.00027
-14.0007
-16
-12.9996
27.9993
-4.00003
-3.00007
16.0001
-0.99994
-40.0011
14.9997
-17.9996
40.0005
16.9993
9.00043
-6.99997
2.99991
3.00006
34.9993
1.99999
31.9997
14.0001
-43.9996
-29.9999
30.9994
-15.9996
-30.0008
-4.99991
3.00003
-20.9992
13
13.0004
26
-18.0002
7.99994
5.00008
18.0003
-26.0003
-6.99981
-1.00003
0.999963
13.0003
-6.00023
-13.9999
-15.0002
27.0006
-34.9998
21.9999
19.0005
-1.00003
31.9995
22.9995
24.9999
16.0001
-1.00002
-7.00051
9.0003
-18.0004
25.0001
14.0005
-21.0006
-2.99989
26.0009
-24.0005
9.00038
17.9996
17.9996
-30.9992
-1.00002
21.0002
10.0001
1.00001
-21.9996
-31.0001
-2.00003
-9.99953
-17.9997
-0.999982
19.0001
-25.0004
9.00023
-26.9997
1.9341e-06
-8.00033
25
10.0002
-10.0001
15.9993
-11.9998
7.00008
1.99998
-8.00017
-22.0007
-15.0002
5.00001
-5.99993
-6.00018
8
-15.9997
-32.9993
18.0001
-7.00016
-22.0006
12.9999
12.9998
13.9994
17.9997
9.99999
-10.9998
34.0011
1.99999
-42.0001
-12.9995
13.0003
-17.0007
2.00003
18
1.99999
28.9999
-5.00003
-39.0009
21
13.0001
-1.10469e-05
8.00007
2.99997
15.9996
-21.9992
-8.00014
-19.0001
-29.0005
-10.0002
21.0002
-3.00004
-47.9997
-0.999977
31.9999
26.9998
1.99997
-20.0002
37.0003
-1.99998
-5.01045e-06
17
13.0001
-1.99997
-35.0005
-5.00016
18.0004
1.00001
-49.9992
-9.0002
8.99991
-19.0003
6.99956
10.9996
8.99991
16.9996
23.9996
-1.00004
-26.9994
5.9999
-21
5.99989
17.0002
5.9999
5.99996
36.0006
2.00001
-3.0001
28.0001
-8.00016
0.999979
-8.9999
-26.0003
-15.0001
1.00001
-15.0003
-6.00013
35.001
-29.0002
-6.9999
13.9995
-25.0008
-24.9993
-4.99993
2.99991
11.0001
-31.0004
-3
-21.9993
-2.99995
21
-21.9993
22.9998
-18.9997
20.0003
-15.0002
-14.9998
-41.9992
20.9996
3.00006
-6.22333e-06
4.00011
20.0005
15.9997
7.99999
-19.0001
-33.9999
-35.0005
32.0004
-13.9998
3.00001
-43.0012
22.0005
10.0002
-36.9994
-12.0001
-22
-23.9999
21.9999
-18.0001
-6.99969
32.9994
-1.00002
4.00009
-46.9989
-20.0007
-9.00001
-18.0002
2.99996
2.00005
-59.0006
13.0001
12.0001
-4.99992
-13.0005
-24.9999
-3.99992
18.0004
-28.0008
23.9994
17.9995
-27.0004
24.9992
22.0006
20.9996
-20.0003
8.9999
41.0003
-6.00004
-13.9998
-27.9999
13.9999
-30.9993
1.99998
5.00001
31.9997
3.00004
37.0004
8.00039
15.9995
3.99995
-2.00001
4.00006
-8.00011
21.9995
-4.0001
4.99994
14.0006
6.99994
19.0002
-22.9999
1.00003
16.0002
-7.00012
10
-36.9994
10.0001
-8.00003
16.9997
13.9997
-2.99995
-13.9999
-8.54819e-07
-7.00022
8.00015
-19.9999
12
-17.9998
-10.0004
3.00007
4.99991
24.9999
-11.0003
-13.9997
19.0002
1.00002
20.9996
30.0007
10.0003
3.99991
35.0006
-6.00008
-8.99979
-17.9995
17.9998
28.9997
-11.9998
-40.0012
3.00011
-12.0001
1.00003
11.9996
-8.99967
19.9998
-33.9989
9.99978
-44.9996
-10.9998
-17.9998
21.0007
-7.99986
30.0008
-28.9991
-2.99992
7.00007
33.0009
31.0001
-9.00032
-19
-7.00029
3.00003
18.9995
-48.0012
18.9999
-44.0008
-16.0001
-5.99991
-12.0003
3
38.9992
2.99994
-12.9995
-9.00031
-9.00037
12.9997
18.9996
16.0001
11.0003
-3.99991
-27
-37.9993
1.99999
3.0001
17.9996
-16.9999
29.9991
-17.0002
10.9997
-16.0001
24.9997
-17.0001
-40
17.9995
-9.99991
-4.99998
12.9997
14.9998
15.0004
1.99995
-0.999993
-9.9998
-7.9996
14.9997
43.0011
17.0003
17.9997
12.9995
13.0001
3.99985
12
-16.9994
-6.00013
-9.99977
9.00006
-28.0009
-22.9997
13
38.0009
23.9994
-13.9998
-7.99963
-26.9992
-18.0002
34.0002
-53.9985
-18.0003
23.9998
3.00011
15
2.99996
-44.9997
-21.0004
29.0008
31.0004
-21.0001
-2.00001
-38.0004
-15.0002
1.00037e-06
-17.0003
2.99991
14.0005
-42.9993
9.99977
18.0001
-21.9997
18.0003
19.9998
7.00011
19.0003
-29.0001
-20.9998
9.00017
19
18.0005
44.9999
-7.99974
33.0006
-8.99955
5.99999
-15.0002
6.99953
34.9991
-13.9999
3.24244e-06
-14.9995
-24.0002
17.9997
9.99991
-0.999991
-18.0005
23.0001
4.99993
18.9998
17.0002
-12.9994
-7.00048
5.00016
7.9997
26.9997
29.9998
3.00003
10.9997
-3.99986
-8.00038
-10.9998
33.9998
-3.00005
20.9994
-39.9991
27.0006
26.9998
-34.9991
-9.00032
-1
-12.9995
5.13841e-06
-11.9994
-23.0003
-12
13.9994
5.00016
1.99994
2.99995
20.0004
-8.99987
-23.9998
-7.99971
-13.9993
-18.0001
-19.0007
-21.9997
-7.99978
-35.0004
16.9999
36.0009
-15
25.9996
-43.9999
4.00006
-22.9996
-1
-8.00005
-12.0001
1.99998
14.9994
0.999997
-12.0001
23.9998
8.00016
-13.0004
-23.0008
-5.0001
-33.9995
16.0007
40.0001
-27
5.00002
13.9996
1.02235e-06
22
14.9997
10.0003
18.9996
-9.00034
20.0006
38.0013
-12.9997
1.99997
10.9994
-21.0005
-22.9999
7.00004
-33.9994
27.0004
44.0008
32.0001
-23.9999
1.99995
31.9999
9.99972
-22.9996
-8.9997
-6.00014
2.9999
-9.00006
-0.999978
-5
2.00005
7.00016
-2.40739e-06
13.9996
-41.0003
27.0005
23
11.9999
24.9999
-13.0001
-0.999992
-7.99974
43.9996
49.9996
-33.9995
-30.9998
43.9995
-9.00039
0.999981
19.9996
-15.0006
-4.99987
16.9998
-7.00033
-22.0005
-45.001
11.9996
-16.0007
-3.99988
-5.00008
0.999953
-7.00001
8.00015
-31
15
28.9995
3.00007
-17.0004
-17
32
-26.9995
2.99999
-0.999994
25.9994
-12
3.99996
-15.0001
19.9998
16.0001
-19.9996
9.99986
-0.999974
-10.9999
-2.00002
-1.99999
3.99986
-5.99965
-26.9998
14.9995
11.0002
-6.00002
1.25358e-05
22.0007
-12.9999
-28.9999
1.99998
24.0009
-3.00006
11
-16.9996
24.9994
-7.99975
33.0009
4.99997
12.9996
-7.99968
-21.9991
5.99995
2.99996
18.0002
-2.99993
-3.99999
25.9997
-4.99999
4.00009
-23.0002
-15.0001
13.0004
-35.9994
-15.0001
9.99998
-21.0003
-2.70599e-06
13.0006
3.99993
-16.9996
-45.9996
-4.00007
17.9995
-31.9995
16.9997
-3.99999
-10.0002
26.9999
-52.9983
-6.99973
10
-1.00002
1.01009e-06
58.0003
-36.0006
4.99993
20.0005
-8.99989
13.9995
35
-2.99998
21.9999
4.00009
-8.99954
0.999949
18
5.00015
-12.9995
-11.0004
8.00026
20.999
-10.0003
-30.0002
13.9997
-37.9998
30.0001
-12.9996
-3.99999
-32.0001
3.00001
0.99998
2
-8.99983
-8.00011
-7.00002
-9.00011
-19
-20.9995
4.00007
13.9994
1.00001
-18.9992
-5.00009
-15.0006
-34.9992
-25.9995
-22.0004
2.00003
19
-16.0001
-2.00003
-31
8.99961
-4.9999
-22.0003
42.0009
-10.9996
6.00013
54.9984
-15
35.9989
-14.9998
-5.99987
-23.0006
-8.0001
11.0005
1.99996
29.0002
-5.00008
14.9999
-17.9998
22.0004
7.99969
-36.9999
12.0004
4.99986
14.9997
-5.99981
-21.0002
-8.0001
-25.001
-14.0001
33.0003
-22.9995
13.0002
16.9996
25.0001
-12.0005
16.0001
-1.00004
-17.9998
21.0002
-14
3.99988
32.9992
-4.99994
-42.9999
-23.0001
-13.0002
-5.00002
-18.9998
-11.0002
-21.9998
-46.9987
20
28.0007
14.9995
31.9995
44.0003
19.0004
32.0002
14.9996
49.9991
-48.9996
15.0004
-9.99971
23.9993
28.9994
27.0002
-4.99995
3.00006
-0.999968
9.70986e-07
-40.0005
1.99996
16.0003
19.0007
-17.9993
35.9993
-34.001
-0.999962
-8.99965
-5.99986
14.9996
1.00003
-4.95166e-06
10.0003
4.00003
30.0001
29.9994
-13.9997
18.0001
2.00004
-45.9991
-21.0001
34.0005
-18.0003
-28.0006
32.0006
-39.9989
-34.0006
30.9991
33
16.0004
4.99994
3.00006
14.0006
28.9996
21.0003
52.9992
2.99994
-9.00014
-2.99992
2.99999
-8.99996
-0.999999
-5.99998
0.999998
8.00025
15.0003
-20
5.0001
-21.0004
14.9997
-16.9999
-12.9998
10.9995
7.99959
-11
8.99944
-33.0005
15
-4.00003
-45.0009
8.00014
41.9992
24.9999
-5.00007
-13.0003
25.0002
-13.9996
-17.9998
-37.9998
7.99986
-12.9998
24.0008
1.00001
56.999
52.001
-26.9995
-22.0004
3.00003
14.0004
4.00011
23.9998
-3.0001
32.9998
-1.99996
4.00009
-16.9992
-13.0006
-16.0006
-57.9984
8.00036
25.9999
7.00007
7.99963
0.99997
18.9995
14.0003
22.0004
-4.0001
2.00008
-1.99993
15.0002
-8.00036
37.0001
7.00025
17.0002
27.0005
1.99999
28.9996
-11
-5.99993
-1
-1.99992
-16.0001
14
4.99983
3.99994
-35.9992
17.0004
-12.9998
15.9995
13.9996
-19.9994
-29.9992
10.0002
15.0003
-6.00012
15.0003
10.9998
14.0001
2
22.9996
-3.00005
-32.9999
-6.99993
6.00016
-2.00002
-6.21767e-06
-27.9993
20.9993
-17.0003
2.99999
5
-18.0007
51.0015
13.0002
-3.73868e-07
-8.99984
-19.9999
38.9992
16.0001
6.00015
-24.0009
-0.999978
-16
-16.0005
5.00006
26.9999
10.9998
16.9999
-12
-8.00007
-4.92533e-06
28.9991
-26.9998
35.0009
0.999997
41.0016
3.99992
1.00007
22.0002
-12.0004
-47.9982
8.27558e-06
-12
6.00013
-3.99999
3
9.0001
17.0002
18.0001
-10.9997
9.0001
-41.0005
12.9998
5.00006
29.9993
-1.99998
-26.0001
11.9999
-5.99991
26.0007
-25.9994
-46.0009
39.9996
3.00002
12.0001
16
14.0001
10.9999
-16.9998
7.99969
11.0001
-3.3282e-06
20.0006
-6.00004
26.0004
-13
-27.0006
-2.99995
-0.999988
19.9994
-28.9997
13
0.999989
9.99965
16.0001
-2.42919e-06
7.99988
-2.00005
-5.00015
13.0004
-6.99963
-6.99993
7.99963
-52.0012
18.0003
-13.0005
8.99983
15.0002
-7.00019
25.0008
-15.0002
10.9996
-9.00003
-20.9997
-2.99999
1.00003
-7.00006
-41.0009
8.99977
27.9994
-22.9995
16.0002
5.00012
36.999
-15
14
31.9997
-8.99964
-33.0001
23.0005
-22.0006
-3
2.05372e-06
-2.79068e-06
-24.0001
-3.00004
15.9998
13
7.00018
-3.99996
20
-23.9993
9.00011
8.00025
38
8.99977
25.9996
-5.99994
0.999977
-21.9999
-6.99964
10.9997
-3.99992
17.0004
12.9999
-2.00001
26.9997
-8.0001
18.9997
11.0002
42.0002
11.9996
4.00007
-11.9996
12.9998
-0.999991
-13.0002
-15.0005
5.00005
-2.99995
34.9997
3.00007
-3.99997
32.9994
5.99997
35.9997
4.00005
-7.00008
37.0013
-1.00003
-8.00044
-47.0011
25.9998
-0.999987
4.99995
9.00008
-28.9993
3.99997
22.9998
-7.99998
15.9993
-23.999
12.0004
-21.0006
24.9996
2.00007
-20.0001
14.0001
18.9995
7.0001
-29.0007
16.0005
-1.99992
6.99992
-2.99999
-8.99968
-2.00006
-14.9996
-0.999999
-10.0003
-2.00004
33.0009
-7.0001
8.00028
-5.99992
17.9999
-3.00006
34.9999
27.9995
-19.0001
-22
-29.9995
25.0007
-18.0005
31.9995
19.9998
-26.0003
16.0003
-6.00009
-14.9996
25.0007
-2.99997
-2.99995
39.0005
-47.001
-34.9995
-43.001
27.0005
-22.9994
13.0001
21.0001
-1.99994
1
17.0004
17.9999
-12.0001
0.999986
23.9993
-32.0012
-3.99995
23.9997
-28.9998
-1.99993
18.0003
29.999
-24.9999
-13.9998
-34.0002
1.99997
-13.9997
-14.9995
-18
10.9998
27.0007
-17.9997
-11.0002
-2
30.9989
-8.00012
-29.0001
-32.9998
-13.9996
-3.00002
-6.00017
29.0003
-10.9998
-11.9996
-6.00003
-25.0006
-9.99983
2.30698e-06
36.0008
27.0002
-34.0001
10.0001
-11.9997
-20.0009
-21.0006
17.0003
6.99971
26.0007
24.0003
-2.99998
-15.9993
41.9987
-10.9995
-10.9997
1.13661e-05
-11.9998
19
2.99992
-32.0009
-1.01992e-05
-21.0003
-14.0001
20.0003
2.99995
-2.00001
3
7.99967
-43.9989
12.0004
57.9999
-1.99997
20.9996
21.9993
3.9999
8.00013
-36.9994
11.0001
-6.36627e-07
-26.0001
9.00003
7.84966e-06
8.99978
-8.99984
7.99983
-1.99997
-19.9998
8.00029
-18.0003
-32.0005
-12.9996
11.9999
-1.00003
2.00007
54.9988
-26.0008
0.999968
28.9997
5.99999
-14.0003
14.0001
-4.00011
18.0001
-36
20.0003
5.00004
25.9996
-12.9998
-12.0004
8.00014
1.99999
7.99968
-11.9998
-9.99992
-30.0008
-17.0001
-8.9999
-28
-11.9999
-10.9999
-12.9999
-9.99982
39.9989
0.999955
-2.00001
27.001
40.0007
2.99997
-13.0002
6.99995
13.9998
8.99999
41.9994
12.0003
-5.99987
-10.9999
-18.9999
31.0004
3.00006
7.9999
1.00001
21.0008
33.0005
12.0001
19.9996
-27.0001
-23.9998
-9.00007
13.9998
1.08873e-06
-16.9999
1.99994
23.0001
-29.0003
-18.0001
-4.99989
-10.9997
31.0005
10.0004
39.9993
-11.9999
-3.99991
3.00008
6.99999
44.9991
26.999
39.9994
5.99989
7.00027
3.00006
25
4.00008
20.0002
-38.9993
-2.00004
-1.99994
-4.99988
20.0001
-8.0001
37.0002
-11.0005
-5
-11.0001
-5.99991
17.9996
-15.9996
9.99991
-39.0004
20.9997
5.99995
24.9996
-9.00005
-27.0003
-24.9992
16.0002
-14.0002
2.99998
-3.99999
26.9993
19
-18.0001
2.00007
-29.9993
-6.00002
-10.0001
-19.9997
-31
-11.0005
-7.99999
19.0001
2.00001
-0.999953
-29.9992
17.0004
-13.9998
1.99999
-17.0004
13.0001
14.9999
-1.00002
32.0001
35.9998
-27.9999
14.9999
-29.0005
-7.99982
-24
-14.0003
4.99989
-0.999986
20.0008
-48.9999
2.81267e-06
-20
8.99958
24.9997
-23
-20.0001
39.0008
-32.9999
-34.0008
17.9999
1.00003
-29.9994
-19.0003
9.00053
32.9995
26.9994
-15.9998
-37.0007
19.9996
24.9999
-2.9999
38.999
-25.0004
-18.9998
-14.9998
-18.0005
-13.0001
23.0002
49.0015
-32.9997
-11.0004
-37.9991
5.00006
10.0003
-18.0001
-22.0004
-4.99993
-35
-23.0005
-2.00004
1.05568e-06
-26.9998
-27.9988
-14.9999
-19.9996
-4.99998
30.0004
12.0002
1.99992
-3.00008
-17.9992
18.0005
-15.9996
47.9991
-2.4812e-06
26.9994
-23
-40.9996
0.999958
17.9994
-1.99999
-7.00004
-17.0003
3.00008
-25.9991
4.99985
12
-0.999982
38.001
-25.9996
-9.00024
3.99993
17.9998
-12.9996
5.00012
-2.99995
-7.99957
2.99998
45
5.99996
46.0013
3.99996
-7.00002
9.99966
15
-9.99982
1.00001
-7.99968
-7.00031
-1.99997
-10.0002
-9.99976
-5.99997
-5.00015
-19.9996
0.999981
27.9993
12.9998
-7.99991
28.0001
-10.0001
-1
15.9997
-1.00002
-8.99995
11.9998
1.99992
-13.9999
-49.9992
7.99999
-4.00001
31.001
-3.00005
16.0003
-56.0005
-21.0003
-3.00003
31.0005
-12.0001
7.00003
-6.00009
-5.99995
-12
5.00003
-10.9996
-4.99994
-19.0003
-21.0003
24.9996
-2
39.0012
36.0001
16.9999
21.0006
-25
-14.9997
19.0003
14.0001
9.99998
-22.0001
32.9999
15.0004
-18.9999
29.9996
38.9991
-3.00004
17.0004
58.0002
-16.0007
19.0007
-10.0002
1.00002
-2.99997
17.9995
16.0004
-0.999998
8.99972
-21.9994
22.0004
28.0005
20.9998
-21.9996
6.00007
-14.9999
-44.9991
7.00007
-12.0001
37.9998
-39.0003
10.0003
-17.9996
7.9996
5.99992
-20.9998
-0.99998
-15.0004
-40.9996
-8.00014
-28.9988
16
-2.99993
-12.9998
9.99996
-5.66764e-06
13.0004
-22.9996
-11.9994
-9.00011
-15.0005
-2.99992
38.9997
-4.00001
28.0007
-6.99966
-18.0003
11.9997
3.00006
11.9999
-22.9997
11.9997
-7.00028
-15
-8.99993
-43.0006
-7.00029
7.00019
-36.9997
1.99999
11.0005
-36.9994
-19.9996
13
23.0007
3.48007e-06
21.0006
-12.0002
-0.999963
20.9995
-2.16975e-06
-4.99987
11.0001
1.99998
7.99987
-1.99999
-21.9996
25.9999
-34.0011
-25.0003
-0.999995
7.00017
25.0005
2.00006
-8.9999
17.9998
14.0001
-47.9993
7.99984
-21.9999
-13.0004
16.9995
6.90495e-07
10.9998
12.0001
-9.99963
-6.81613e-06
-26.0006
-1.99999
-13.0001
15.9993
13.0004
1.99996
-7.99991
5.00008
4.00012
29.0004
-35.0004
-3.99995
-34.0005
1.99995
-6.99984
-29
4.00005
-33.0011
-1.99995
-8.99978
-21.9997
52.9989
-20.0002
8.99984
22.9999
8.0003
5.99983
-22.9994
-10.9998
10.0002
-2.99998
-12
-11.0004
-0.999973
-2.00008
2
-38.0014
26.9996
-18.0004
-23.0005
-1.99995
-24.9998
-4.99991
33.9995
-1.99995
-13.0007
-24.0004
-14.9997
6.00018
0.999976
27.999
-1.99997
7.00026
-14.9998
-33.0007
-2.00004
5.99989
-6.99986
-12.0001
12.0003
24.9997
-14.0004
-33.0012
20
-11
-1
-10
-22.9999
-1.99999
2.99998
-20.9994
-3.99991
18.9993
8.00025
1.00004
21.9998
-43.0006
2.00005
-8.99989
-24.9994
-10.9995
-16.9998
-15.0002
-2.00007
45.0003
13
-27.0005
16.9997
-6.00028
5.99984
-6.99977
13.9999
14.0002
0.999993
-27.9991
8.00023
28.9999
-28.0005
40.9997
4.00001
-15.0005
6.99995
6.00036
13
12.0005
11.0001
-10.9997
-4.99993
6.00005
30.9996
-32.9994
-18.0006
-27.0004
-27.9991
-0.999989
7.00024
6.00017
-34.0002
-5.00011
-7.99943
-5
-10.9998
-7.00001
1.00002
-1.00002
4.9999
-7.99955
-19.9999
-5.99992
-5.00002
-7.00003
-15.9996
-35.0007
22.9991
35.0001
-22.0003
10.9998
2.99995
15.9997
11.9997
-6.00018
0.999954
-9.66279e-06
-10.0001
-24.9993
-22.9996
-25.0004
-4.99994
40.9996
-19.0003
2.99994
-5.99986
7.99969
28.9989
-11
3.00006
-18.0003
42.0001
31.9998
2.99998
-8.99996
27.9994
-25.0001
13.9996
37
5.00004
-12.9999
16.9998
12.0003
-24.9993
-16.0001
19.9992
-15.0001
25.9999
29.9992
22.9993
-8.00011
20.0004
29.9995
13.9998
-6.99994
1.99992
31.0005
6.99973
-40.9991
5.00012
9.99981
17.9993
26.9997
-51.9986
35.0005
33.9989
-16.0003
12.9998
-6.00014
-3.00005
38.0001
18.0001
30.0004
-25
16
6.99998
5.00012
25.9998
-3.00005
-27.0007
15.0003
18.0006
-22.9997
2
8.00033
-7.99972
-34.0007
10
-18
29.0001
-6.99995
-45.9987
30.0009
-29.0008
5.99994
22.0008
-4.00004
-9.99985
10.0001
-18.9994
-47.9998
-4.99992
2.00003
-17.9997
-43.0005
29.9992
23.0009
4.99985
13.0001
7.9999
-8.00007
2.99998
16.0003
-10.0001
-31.9993
-24.9998
14.9996
-12.0004
28.0003
1.00002
-24.9998
28.9999
6.99991
-7.99991
6.99997
-22.0003
16.0002
-4.99982
-18.9998
-1.00002
33.9994
-12.0003
-27.0003
-8.99994
-17.0001
-2.00001
3.57237e-06
-2.00002
29.0006
33.0007
11.0003
-6.00005
31.9989
7.32095e-06
21.9999
19
-12.9997
-9.00014
3.99996
19
6.99989
28.0006
-25.0001
-0.999984
19.0003
-28.0006
-2.00004
-13.0001
-25.9998
33.0003
0.999954
-23
36.0013
-9.99973
2.99991
1.99999
14.9998
2.99998
-19
-32.0011
21.0002
-14.0001
-10.9998
-11
-3.00004
-2.99997
-37.9998
3.00002
-0.999953
10.9997
13.0002
-25.9997
1.99998
0.999977
2.00003
7.00012
2.00004
-24.0002
-10.9997
-17.0004
-24.9999
34.0012
22.9997
7.00023
10.0002
-4.99996
10.0004
13.9998
-5.9999
-30.9996
27.9997
-24.0007
-39.0009
34.0002
0.999994
-7.356e-06
-1.99996
-15.0005
30.0005
-7.99965
7.15763e-07
-19.9995
21.0002
-1.00003
-25.0003
-7.00021
-2.00002
-26.0006
-28.9999
-1.00002
14.0001
-4.00008
23.0001
-24.0001
4.99988
18.0002
1.11262e-06
70.0012
-48.9996
41.9993
11.0001
9.68936e-08
-0.999984
15.0002
8.99991
-11
-12.9998
14.0003
3.00003
-11.9994
-22.0002
-6.99966
-5.00003
15.0001
3.09668e-07
-19.9997
33.9992
31.9993
-12
-39.9999
-18.9996
30.0003
-58.9988
3.99989
9.99987
3.99992
15.0005
-9.96181e-07
5.00014
-26.9997
-23.0004
-11.9997
6.00001
-4.99985
-34.9995
-32.9992
-20.9997
13.9997
36.9992
-12.0003
20.9994
-31.9992
-14
-26.9999
-11.9998
4.99988
-1.99993
21.9995
-49.0008
-7.99975
-15.9997
-37.0007
2.00003
4.0001
8.00019
-44.0014
18
3.00005
11
-20.9994
-9.00033
-2.00003
-35.9993
6.9997
-13.0005
24.9998
6.00013
-4.78357e-06
-12.9996
12.9999
-19.0005
27.9996
-29.9996
-6.14086e-06
3.99988
-16.0007
25.0004
6.00019
43.0001
-11
-8.00004
2.99996
1.00003
7.99974
-33.0006
12.0003
17.0007
6.00021
-27.9999
9.00001
-23.0001
-9.99964
-7.00047
0.999961
-3.9999
4.99985
-56.9984
10.0003
13.0001
18.0002
13.9997
-11.0004
11.9999
-3.00005
1.99999
-23.9998
-20.9994
2.00006
1.99992
-2.99999
9.9997
-42.0005
33.9999
14
-30
26
10.9996
-45.0005
6.00002
-19.9998
20.9993
-46.9988
2.99992
-37.9998
3.00001
33.0009
19.9998
-3.00011
9.00049
-17.0003
-16.0002
9.00024
12.9999
-29.9997
-7.00018
30.0006
-45.0011
2.00002
-0.999966
-9.00007
-23.9998
7.99986
14.9997
18.9997
-6.00008
-7.99961
-1.99995
25.0008
26.9999
24.0007
-4.00002
3.99992
-2.99996
11.9994
15.0002
1.00001
-36.0012
17.9992
-27.001
16.9994
32.0007
-12.0002
21.9998
8.99977
11.0003
-8.00031
-29.0007
-2.99991
-9.99995
6.99976
36.9991
-24.9995
2.99997
-26.9999
-5.00007
34.9993
-1.99999
1.00002
-9.00022
-51.0019
-25.0002
-17.0003
-6.00005
9.99983
-4
-17.0006
-7.99997
-7.99987
9.00041
-1.18661e-05
-8.99963
-44.0005
11.0001
41.9993
-6.00008
-17.9996
-45.0011
2.99989
23.0006
-6.00006
1.99997
-6.0001
4.00007
-15.0007
-1.99993
8.9999
19
5.00011
10.0004
3.99997
30.9987
4.99988
2.99993
6.00009
11.0002
3.99988
-24.9999
4.99998
-2
27.0007
-26.0001
-17.9993
-10.0002
19.9999
-6.99992
-3.00006
2.99996
5.00013
15.0006
8
14.9997
41.0012
-8.99983
1.00001
-14.0004
-8.99992
-29.0007
28.9994
-5.00001
41.0001
16.0005
-6.99999
-46.0004
2.99998
-3.0001
-13.9998
29.0003
-21.0005
-7.99991
-21.999
-16.0005
22.9998
25.0005
-22.0003
0.999991
-30.0001
9.99972
34.9999
-15.9999
0.999967
8.99974
-26.0005
22.0001
-19.9999
16.9997
15.0002
-11.0002
4.00007
6.00007
8.99974
2.99999
-17.0004
-25.0007
5.99988
-13.0003
-36.0004
4.99987
19.9996
-3.99991
-12.0004
-17.0006
3.99992
4.99998
50.0014
6.99993
-16.0001
-7.99996
22.9993
-11
19.0003
-8.00025
-21.9995
-24.9998
5.99969
-23.9997
0.999999
16.0003
-70.9963
7.00009
-16.9999
-3.99987
-27.0002
-9.99994
-29.9996
18.9994
4.99984
-6.00007
-22.9999
3.9999
56.0016
-20.0002
3.99997
0.999979
10.0001
-19.9995
4.00008
5.99986
-0.999968
5.00003
-18.0003
-16
6.99963
-4.00003
17.9997
7.99989
-32.001
15.0004
-9.99984
-4.9999
-24.9993
9.99999
20.9997
-18.9998
-4.99991
28.0007
5.99987
-5.00003
-18.9997
-8.83452e-06
7.00001
23.0005
-10.9998
-21.9997
-18.0004
-1.00001
5.00009
-25.9999
1.26713e-06
13.9997
-20.9997
-8.99959
9.99991
19.0006
-20.0002
-4.99985
-16.0002
-20.9998
-9.99984
14.9995
-7.0001
-29.0007
-35.0008
-35.0002
5.00014
-15.9998
0.999971
-14.9999
-26.0002
37.9991
-23.0005
-7.21473e-06
9.72193e-07
-16.0001
-2.99998
57.9993
9.00005
0.999945
42.0005
9.00009
-7.99973
3.00001
-12.9994
6.99995
5.00006
-29.9994
-18.9999
1.99994
-11.0005
16.0001
10.9996
3.99986
1.99997
-7.00025
25.0006
15
-1.99998
28.0004
-14.9996
10.0004
9.00002
-51.0012
-13.9997
-9.99972
-3.00001
-40.9997
-38.9995
6.00014
-3.99993
-1.00001
-29
6.99946
-5.99992
9.00021
-3.00005
-3.00002
4.00006
-6.99966
-30.0001
-33.001
18.0003
-12.0001
24.0002
34.9992
2.00001
34.9996
5.99987
7.00012
-0.999964
-37.001
21.9996
-41.9987
20.9999
-23.0003
-15.9999
10.9995
11.0002
5
1.00004
-8
-0.999992
-2.00004
9.9995
9.00044
-8.00031
-5.99987
21.9997
-19.9999
12.0001
2.99993
34.9998
16
-20.0003
-4.00002
-11
-3.0001
22.9993
4.42598e-06
25.9995
-11.0004
-14.0004
13.9998
18.9998
0.999993
8.00001
23.9994
27.9996
-55.9983
-4.00003
-6.99983
-5.00004
-53.0005
-20.9992
-31
13.9997
14
-0.999999
16.0002
-5.00004
28.0004
19.0004
-18.9996
-18.9999
-9.99994
-33.9995
23.0004
-8.00035
7.99984
25.9995
-24.0005
-5.00015
-5.99983
-0.999976
-1.00003
-16.0001
-24.9999
-10.0003
-24.0004
22.0006
16.9996
-0.999997
-45.0008
-6.99999
2.00002
-6.99998
1.00001
-37
18.0006
18
-2.99999
-25.9995
3.00003
-38.9989
-7.99972
31.9994
4.35673e-07
-6.99996
4.9999
-4.33742e-06
-2.00002
-24.0009
-8.00004
-13.0005
-6.99996
17.0003
-19
46.0002
23
-19.0001
2.00003
8.99964
7.99992
-2
4.00012
-4.00001
0.999996
-8.00032
22.0002
23.0007
-22.0005
-29.0005
28.0005
-20.9995
-8.99999
-1.64228e-06
1.99998
51.9991
-16
-14.0002
-10.9999
1.99994
-6.00022
1.00002
11.0001
20
19.0004
-19.0005
-14.9995
-5.00012
-17.0006
40.0007
18.9994
5.00004
15.9998
26.0005
-7.00023
0.999961
21.0004
16.0003
13.0001
-10.0002
-13.0006
38.0011
-5.0001
-24.0006
2.88734e-06
16.0006
10.9997
-25.0001
-23.0004
-8.99994
7.99995
3.00004
-4.00006
-0.999973
-14.0001
9.0003
-5.99984
10.0001
33.0005
7.00016
16.9998
-16
4.00006
-5.00013
37.9997
8.00037
16.9997
9
13
31.9997
-2.00006
-7.00016
-5.99988
19.9997
-7.00003
9.00019
30.0005
34.0002
2.00001
30.9997
9.99988
-51.9999
6.99991
-30.9996
13.9998
-14.9996
-17
-10.0006
-26.9995
9.99967
-6.00015
9.00023
23.9995
-11.9998
-41
51.9984
15.9999
45.9988
4.29355e-06
-12.0001
36.9994
-28.0007
-16.0003
-7.00014
2.00002
1.00001
-2.99998
7.99973
12.9995
28.9995
19.0002
37.0009
-1.99997
24.9994
-23.0005
-15.0004
-5.99995
-25.9998
-30.9998
3
-9.9996
15.0001
-5.50968e-07
6.99996
-16.9999
-32.0007
44.0006
-1.00002
49.0006
15
-10.9997
0.999974
-20.0004
15.0001
-26.9994
9.00027
-5.99989
-16.0001
-5.99965
22.9996
14.0001
14.9996
16.0004
10.0003
19.9999
-14.0004
8.99961
-29.9995
33.0001
34.001
-1.99995
-11
-30.0002
8.99991
-39.9998
20.0005
14.9994
-16.0001
2
-35.9995
21.0006
-22.9994
13.9998
5.99958
-63.9964
-7.00017
24.0004
9.31886e-06
-32.0004
6.00015
-17.0003
-3.99999
-34.0007
-21.9999
-13.9998
7.99988
42.0013
21.9992
-8.00017
-3.43389e-06
1.15661e-05
12.9998
-31.0002
-2.00001
-8.99984
-23.9997
31.9988
-3.9999
20.0001
19.9999
-1.14092e-06
-55.0002
-20.0004
-16.9999
-9
-2.00002
18.0005
29.0003
37.9993
-4.99988
30.9995
-15.0003
9.00046
17.0003
-24.0005
-21.0007
-12.9995
21.9994
34.0011
-7.00009
-7.99997
19.9997
-34.9992
-18.9996
1.31325e-05
-14
-18.0003
4
-15.9997
-8.99991
-21.0003
-2.00003
-4.99991
36.9998
-2.00005
-12.0002
3.00008
-9.00039
-2.99995
-11.9997
9.99994
-53.0003
-22.0002
25.9997
2.81193e-06
9.99999
-18
-12.9996
-7.99998
-30.0005
-4.00008
13
-18.9994
-10.9994
10.9996
-2.00003
13.0006
13.9996
-7.99961
5.99991
-13.0003
29.0003
-20.9998
14.9999
16.0004
-24.0002
-34.9999
4.00014
4.00002
35.9988
-46.9995
1.00001
-4.96531e-06
-10.9998
-5
17.9999
-30.0003
-1.99999
-14.0003
-13.0001
-2.00004
2.99997
-31.0011
16.0006
-18.0002
-34.0011
-37.0003
-15.0001
-45.0008
45.9995
-2.99994
20.0005
43.9993
1
-22.0004
-6.00011
12.0002
-9.99991
20.0001
-10
3.00006
-2.66184e-05
-8.99993
-34.0002
13.0001
-7.99977
-26.0005
38.9997
9.99999
-22.9993
9.00012
-17.9998
-13.0002
-13.9997
50.9992
8.00036
6.99976
28.001
-1